   NO.      Round     Ori_Content   Lack_Content   Extra_Content   Final_Cover      Recall     
   2001       11           7              1              0       0.8571428571428571       6       
   2002       11           5             -2              0             1.4             7       
   2003       11           6             -1              0       1.1666666666666667       7       
   2004       11           6              0              0             1.0             6       
   2005       9            2             -2              0             2.0             5       
   2006       10           3             -1              0       1.3333333333333333       4       
   2007       11           5             -1              0             1.2             6       
   2008       11           5             -2              0             1.4             7       
   2009       11           5             -2              0             1.4             7       
   2010       11           6              0              0             1.0             6       
   2011       10           4             -2              0             1.5             6       
   2012       10           4             -2              0             1.5             6       
   2013       11           8              2              0            0.75             6       
   2014       10           4             -3              0            1.75             7       
   2015       10           4             -3              0            1.75             7       
   2016       9            2             -2              0             2.0             6       
   2017       11           8              2              0            0.75             6       
   2018       10           4              0              0             1.0             4       
   2019       9            2             -2              0             2.0             5       
   2020       10           4             -1              0            1.25             5       
   2021       11           5             -2              0             1.4             7       
   2022       11           6             -1              0       1.1666666666666667       7       
   2023       10           3             -1              0       1.3333333333333333       4       
   2024       11           7              0              0             1.0             7       
   2025       10           6             -1              0       1.1666666666666667       7       
   2026       11           5             -2              0             1.4             7       
   2027       11           6              0              0             1.0             6       
   2028       11           6             -1              0       1.1666666666666667       7       
   2029       9            5              0              0             1.0             6       
   2030       11           6              0              0             1.0             6       
   2031       11           5             -2              0             1.4             7       
   2032       11           4             -1              0            1.25             5       
   2033       11           6             -1              0       1.1666666666666667       7       
   2034       11           7              0              0             1.0             7       
   2035       11           7              0              0             1.0             7       
   2036       11           4             -1              0            1.25             5       
   2037       11           5              0              0             1.0             5       
   2038       10           4             -2              0             1.5             6       
   2039       10           2             -2              0             2.0             4       
   2040       11           6              0              0             1.0             6       
   2041       10           3             -2              0       1.6666666666666667       6       
   2042       11           7              0              0             1.0             7       
   2043       11           5             -2              0             1.4             7       
   2044       11           8              1              0            0.875            7       
   2045       10           4             -2              0             1.5             6       
   2046       10           4             -3              0            1.75             7       
   2047       11           7              0              0             1.0             7       
   2048       10           3             -1              0       1.3333333333333333       4       
   2049       11           5             -2              0             1.4             7       
   2050       11           6             -1              0       1.1666666666666667       7       
   2051       11           6              0              0             1.0             6       
   2052       11           5             -1              0             1.2             6       
   2053       10           4             -1              0            1.25             5       
   2054       11           6              0              0             1.0             6       
   2055       10           3             -1              0       1.3333333333333333       4       
   2056       11           5             -2              0             1.4             7       
   2057       11           6              0              0             1.0             6       
   2058       11           8              1              0            0.875            7       
   2059       11           4             -2              0             1.5             6       
   2060       11           6             -1              0       1.1666666666666667       7       
   2061       11           5             -2              0             1.4             7       
   2062       10           3             -1              0       1.3333333333333333       4       
   2063       11           6             -1              0       1.1666666666666667       7       
   2064       10           4             -2              0             1.5             6       
   2065       9            2             -2              0             2.0             5       
   2066       10           4             -3              0            1.75             7       
   2067       10           4             -3              0            1.75             7       
   2068       11           6              0              0             1.0             6       
   2069       11           6             -1              0       1.1666666666666667       7       
   2070       11           7              1              0       0.8571428571428571       6       
   2071       10           5             -1              0             1.2             6       
   2072       11           6             -1              0       1.1666666666666667       7       
   2073       11           6             -1              0       1.1666666666666667       7       
   2074       11           5             -2              0             1.4             7       
   2075       11           5             -2              0             1.4             7       
   2076       10           4             -1              0            1.25             5       
   2077       10           5             -2              0             1.4             7       
   2078       11           7              1              0       0.8571428571428571       6       
   2079       11           7             -1              0       1.1428571428571428       8       
   2080       11           6              0              0             1.0             6       
   2081       11           5             -1              0             1.2             6       
   2082       11           6             -1              0       1.1666666666666667       7       
   2083       11           6              0              0             1.0             6       
   2084       10           4             -1              0            1.25             6       
   2085       10           3             -1              0       1.3333333333333333       4       
   2086       9            2             -2              0             2.0             5       
   2087       11           7              1              0       0.8571428571428571       6       
   2088       11           7              0              0             1.0             7       
   2089       11           6              0              0             1.0             6       
   2090       10           3             -3              0             2.0             6       
   2091       11           5             -2              0             1.4             7       
   2092       10           3             -3              0             2.0             6       
   2093       11           5              0              0             1.0             5       
   2094       10           4             -2              0             1.5             6       
   2095       11           9              2              0       0.7777777777777778       7       
   2096       11           6             -1              0       1.1666666666666667       7       
   2097       11           8              1              0            0.875            7       
   2098       11           6              0              0             1.0             6       
   2099       10           5             -3              0             1.6             8       
   2100       10           4             -1              0            1.25             5       
   2101       10           3             -3              0             2.0             6       
   2102       11           5             -1              0             1.2             6       
   2103       10           5             -2              0             1.4             7       
   2104       11           6              0              0             1.0             6       
   2105       11           5              0              0             1.0             5       
   2106       10           4             -1              0            1.25             6       
   2107       11           5             -1              0             1.2             6       
   2108       11           7              1              0       0.8571428571428571       6       
   2109       11           4             -1              0            1.25             5       
   2110       10           5              0              0             1.0             5       
   2111       11           6             -1              0       1.1666666666666667       7       
   2112       10           5             -3              0             1.6             8       
   2113       11           7              0              0             1.0             7       
   2114       11           6             -1              0       1.1666666666666667       7       
   2115       10           3             -2              0       1.6666666666666667       5       
   2116       9            4             -2              0             1.5             6       
   2117       10           3             -2              0       1.6666666666666667       5       
   2118       11           7              1              0       0.8571428571428571       6       
   2119       11           5             -3              0             1.6             8       
   2120       10           6             -1              0       1.1666666666666667       7       
   2121       10           4             -3              0            1.75             7       
   2122       10           3             -2              0       1.6666666666666667       6       
   2123       11           5             -2              0             1.4             7       
   2124       11           6             -1              0       1.1666666666666667       7       
   2125       9            2             -2              0             2.0             5       
   2126       11           7              0              0             1.0             7       
   2127       11           6             -1              0       1.1666666666666667       7       
   2128       10           5             -2              0             1.4             7       
   2129       10           4             -1              0            1.25             5       
   2130       11           6              0              0             1.0             6       
   2131       10           5             -3              0             1.6             8       
   2132       10           5             -1              0             1.2             6       
   2133       11           6             -1              0       1.1666666666666667       7       
   2134       11           4             -1              0            1.25             5       
   2135       11           5             -1              0             1.2             6       
   2136       11           6             -1              0       1.1666666666666667       7       
   2137       11           5             -2              0             1.4             7       
   2138       11           7              0              0             1.0             7       
   2139       11           5             -1              0             1.2             6       
   2140       10           4             -1              0            1.25             5       
   2141       11           7              0              0             1.0             7       
   2142       10           3             -1              0       1.3333333333333333       4       
   2143       11           4             -3              0            1.75             7       
   2144       11           5             -2              0             1.4             7       
   2145       11           5             -2              0             1.4             7       
   2146       11           5             -1              0             1.2             6       
   2147       10           4             -3              0            1.75             7       
   2148       10           6             -1              0       1.1666666666666667       7       
   2149       9            2             -2              0             2.0             5       
   2150       10           4             -1              0            1.25             5       
   2151       10           3             -2              0       1.6666666666666667       5       
   2152       11           5             -2              0             1.4             7       
   2153       10           5             -2              0             1.4             7       
   2154       10           3             -2              0       1.6666666666666667       5       
   2155       10           6             -1              0       1.1666666666666667       7       
   2156       11           7              0              0             1.0             7       
   2157       10           4              0              0             1.0             4       
   2158       9            2             -2              0             2.0             5       
   2159       11           5             -2              0             1.4             7       
   2160       11           5             -2              0             1.4             7       
   2161       11           5             -1              0             1.2             6       
   2162       10           5             -1              0             1.2             6       
   2163       10           3             -3              0             2.0             6       
   2164       11           6             -1              0       1.1666666666666667       7       
   2165       10           6             -1              0       1.1666666666666667       7       
   2166       10           5             -2              0             1.4             8       
   2167       10           6             -1              0       1.1666666666666667       7       
   2168       11           5             -2              0             1.4             7       
   2169       11           6             -1              0       1.1666666666666667       7       
   2170       11           7              1              0       0.8571428571428571       6       
   2171       10           2             -2              0             2.0             4       
   2172       10           3             -3              0             2.0             6       
   2173       11           6             -1              0       1.1666666666666667       7       
   2174       11           6              0              0             1.0             6       
   2175       11           7              0              0             1.0             7       
   2176       11           8              2              0            0.75             6       
   2177       11           6             -1              0       1.1666666666666667       7       
   2178       10           5              0              0             1.0             5       
   2179       11           5              0              0             1.0             5       
   2180       10           4             -1              0            1.25             5       
   2181       10           3             -2              0       1.6666666666666667       5       
   2182       11           7              0              0             1.0             7       
   2183       11           4             -1              0            1.25             5       
   2184       11           6              0              0             1.0             6       
   2185       11           6             -2              0       1.3333333333333333       8       
   2186       11           6              0              0             1.0             6       
   2187       10           4             -3              0            1.75             7       
   2188       11           6             -1              0       1.1666666666666667       7       
   2189       11           4             -1              0            1.25             5       
   2190       11           5              0              0             1.0             5       
   2191       11           6             -1              0       1.1666666666666667       7       
   2192       10           3             -1              0       1.3333333333333333       4       
   2193       10           5             -2              0             1.4             7       
   2194       11           6             -1              0       1.1666666666666667       7       
   2195       10           6             -1              0       1.1666666666666667       7       
   2196       11           5             -1              0             1.2             6       
   2197       10           5             -2              0             1.4             7       
   2198       11           6              0              0             1.0             6       
   2199       10           4             -1              0            1.25             5       
   2200       10           2             -2              0             2.0             5       
   2201       9            3             -2              0       1.6666666666666667       5       
   2202       11           5             -1              0             1.2             6       
   2203       10           4             -2              0             1.5             6       
   2204       9            2             -2              0             2.0             5       
   2205       11           6             -1              0       1.1666666666666667       7       
   2206       10           3             -3              0             2.0             6       
   2207       11           5             -1              0             1.2             6       
   2208       11           4             -1              0            1.25             5       
   2209       10           3             -1              0       1.3333333333333333       4       
   2210       9            2             -2              0             2.0             5       
   2211       10           2             -2              0             2.0             4       
   2212       9            4             -1              0            1.25             5       
   2213       11           7              0              0             1.0             7       
   2214       10           4             -2              0             1.5             6       
   2215       10           2             -2              0             2.0             4       
   2216       10           6             -1              0       1.1666666666666667       7       
   2217       11           6              0              0             1.0             6       
   2218       11           6             -1              0       1.1666666666666667       7       
   2219       10           4             -3              0            1.75             7       
   2220       11           5             -2              0             1.4             7       
   2221       10           4             -2              0             1.5             6       
   2222       9            2             -2              0             2.0             5       
   2223       11           5             -2              0             1.4             7       
   2224       10           6             -1              0       1.1666666666666667       7       
   2225       11           5             -2              0             1.4             7       
   2226       11           4             -1              0            1.25             5       
   2227       11           5             -2              0             1.4             7       
   2228       11           4             -2              0             1.5             6       
   2229       11           5             -1              0             1.2             6       
   2230       11           5             -1              0             1.2             6       
   2231       10           3             -2              0       1.6666666666666667       5       
   2232       11           6             -1              0       1.1666666666666667       7       
   2233       10           3             -3              0             2.0             6       
   2234       10           4             -2              0             1.5             6       
   2235       10           4             -1              0            1.25             5       
   2236       11           5             -2              0             1.4             7       
   2237       11           6              0              0             1.0             6       
   2238       10           3             -2              0       1.6666666666666667       6       
   2239       10           3             -3              0             2.0             6       
   2240       9            3             -2              0       1.6666666666666667       6       
   2241       11           7              0              0             1.0             7       
   2242       10           3             -2              0       1.6666666666666667       5       
   2243       10           4             -2              0             1.5             6       
   2244       10           4             -1              0            1.25             6       
   2245       10           5             -1              0             1.2             6       
   2246       11           7              1              0       0.8571428571428571       6       
   2247       11           6             -1              0       1.1666666666666667       7       
   2248       10           4             -2              0             1.5             6       
   2249       11           6              0              0             1.0             6       
   2250       10           4             -1              0            1.25             5       
   2251       11           5             -1              0             1.2             6       
   2252       10           3             -2              0       1.6666666666666667       5       
   2253       9            2             -2              0             2.0             5       
   2254       11           8              2              0            0.75             6       
   2255       11           4             -2              0             1.5             6       
   2256       9            2             -2              0             2.0             6       
   2257       11           6              0              0             1.0             6       
   2258       10           3             -3              0             2.0             6       
   2259       10           5             -1              0             1.2             6       
   2260       11           5             -1              0             1.2             6       
   2261       11           7              0              0             1.0             7       
   2262       11           5             -2              0             1.4             7       
   2263       11           8              2              0            0.75             6       
   2264       10           3             -1              0       1.3333333333333333       4       
   2265       11           9              1              0       0.8888888888888888       8       
   2266       10           4              0              0             1.0             4       
   2267       11           6              0              0             1.0             6       
   2268       11           7              1              0       0.8571428571428571       6       
   2269       11           9              3              0       0.6666666666666666       6       
   2270       10           4             -1              0            1.25             5       
   2271       10           3             -2              0       1.6666666666666667       6       
   2272       10           4             -2              0             1.5             6       
   2273       10           4             -2              0             1.5             6       
   2274       10           3             -2              0       1.6666666666666667       5       
   2275       11           5             -2              0             1.4             7       
   2276       10           5             -2              0             1.4             7       
   2277       11           5             -1              0             1.2             6       
   2278       11           8              1              0            0.875            7       
   2279       11           5             -2              0             1.4             7       
   2280       11           4             -1              0            1.25             5       
   2281       11           6             -1              0       1.1666666666666667       7       
   2282       10           5             -2              0             1.4             7       
   2283       11           5             -2              0             1.4             7       
   2284       10           3             -1              0       1.3333333333333333       4       
   2285       10           2             -2              0             2.0             4       
   2286       11           7              0              0             1.0             7       
   2287       11           5             -2              0             1.4             7       
   2288       11           6             -1              0       1.1666666666666667       7       
   2289       11           5             -2              0             1.4             7       
   2290       11           5             -2              0             1.4             7       
   2291       10           6              0              0             1.0             6       
   2292       11           5              0              0             1.0             5       
   2293       11           6             -1              0       1.1666666666666667       7       
   2294       11           6             -1              0       1.1666666666666667       7       
   2295       10           5             -2              0             1.4             7       
   2296       11           4             -1              0            1.25             5       
   2297       11           8              1              0            0.875            7       
   2298       10           4             -3              0            1.75             7       
   2299       10           3             -2              0       1.6666666666666667       5       
   2300       10           5             -2              0             1.4             7       
   2301       11           9              3              0       0.6666666666666666       6       
   2302       10           4             -2              0             1.5             6       
   2303       11           5             -1              0             1.2             6       
   2304       11           8              2              0            0.75             6       
   2305       10           2             -2              0             2.0             5       
   2306       10           3             -2              0       1.6666666666666667       6       
   2307       11           7              0              0             1.0             7       
   2308       11           9              2              0       0.7777777777777778       7       
   2309       11           7              1              0       0.8571428571428571       6       
   2310       10           7              0              0             1.0             7       
   2311       10           3             -3              0             2.0             6       
   2312       11           7             -1              0       1.1428571428571428       8       
   2313       10           3             -3              0             2.0             6       
   2314       10           4              0              0             1.0             4       
   2315       11           6             -1              0       1.1666666666666667       7       
   2316       10           4             -3              0            1.75             7       
   2317       11           7              0              0             1.0             7       
   2318       10           5              0              0             1.0             5       
   2319       9            3             -2              0       1.6666666666666667       6       
   2320       11           5             -2              0             1.4             7       
   2321       10           2             -2              0             2.0             4       
   2322       11           6             -1              0       1.1666666666666667       7       
   2323       11           5             -2              0             1.4             7       
   2324       10           5             -1              0             1.2             6       
   2325       11           5             -1              0             1.2             6       
   2326       11           5             -2              0             1.4             7       
   2327       10           3             -3              0             2.0             6       
   2328       11           7              1              0       0.8571428571428571       6       
   2329       11           6             -1              0       1.1666666666666667       7       
   2330       11           5             -2              0             1.4             7       
   2331       11           6             -1              0       1.1666666666666667       7       
   2332       11           6             -1              0       1.1666666666666667       7       
   2333       11           5              0              0             1.0             5       
   2334       10           3             -3              0             2.0             6       
   2335       11           6             -1              0       1.1666666666666667       7       
   2336       10           4             -1              0            1.25             5       
   2337       11           8              1              0            0.875            7       
   2338       10           3             -2              0       1.6666666666666667       5       
   2339       11           4             -3              0            1.75             7       
   2340       11           8              1              0            0.875            7       
   2341       10           4             -2              0             1.5             6       
   2342       9            3             -2              0       1.6666666666666667       6       
   2343       10           2             -2              0             2.0             4       
   2344       10           4             -3              0            1.75             7       
   2345       10           2             -2              0             2.0             4       
   2346       11           6             -1              0       1.1666666666666667       7       
   2347       10           4             -1              0            1.25             5       
   2348       10           4             -1              0            1.25             5       
   2349       10           6             -1              0       1.1666666666666667       7       
   2350       11           6             -2              0       1.3333333333333333       8       
   2351       10           4             -3              0            1.75             8       
   2352       11           5             -1              0             1.2             6       
   2353       10           3             -2              0       1.6666666666666667       6       
   2354       10           2             -2              0             2.0             4       
   2355       10           2             -2              0             2.0             4       
   2356       10           4             -2              0             1.5             6       
   2357       11           5             -2              0             1.4             7       
   2358       10           2             -2              0             2.0             4       
   2359       10           3             -2              0       1.6666666666666667       6       
   2360       10           3             -3              0             2.0             6       
   2361       11           6             -1              0       1.1666666666666667       7       
   2362       10           2             -2              0             2.0             4       
   2363       9            5             -1              0             1.2             6       
   2364       10           4             -2              0             1.5             6       
   2365       9            2             -2              0             2.0             5       
   2366       10           4             -3              0            1.75             7       
   2367       10           2             -2              0             2.0             5       
   2368       10           5             -3              0             1.6             8       
   2369       10           4             -1              0            1.25             5       
   2370       11           4             -1              0            1.25             5       
   2371       10           4             -2              0             1.5             6       
   2372       10           6             -1              0       1.1666666666666667       7       
   2373       10           4             -3              0            1.75             7       
   2374       11           7              0              0             1.0             7       
   2375       11           6              0              0             1.0             6       
   2376       10           2             -2              0             2.0             5       
   2377       10           4             -1              0            1.25             6       
   2378       10           4             -2              0             1.5             6       
   2379       11           5             -1              0             1.2             6       
   2380       10           4             -1              0            1.25             5       
   2381       10           3             -2              0       1.6666666666666667       5       
   2382       11           6              0              0             1.0             6       
   2383       11           5             -2              0             1.4             7       
   2384       10           2             -2              0             2.0             4       
   2385       11           5             -1              0             1.2             6       
   2386       11           5             -2              0             1.4             7       
   2387       11           5             -2              0             1.4             7       
   2388       11           4             -2              0             1.5             6       
   2389       10           3             -1              0       1.3333333333333333       4       
   2390       11           6              0              0             1.0             6       
   2391       10           4             -3              0            1.75             7       
   2392       11           5             -3              0             1.6             8       
   2393       10           3             -1              0       1.3333333333333333       4       
   2394       11           5             -1              0             1.2             6       
   2395       11           7              0              0             1.0             7       
   2396       10           4             -2              0             1.5             6       
   2397       11           6              0              0             1.0             6       
   2398       10           2             -2              0             2.0             4       
   2399       10           4             -3              0            1.75             7       
   2400       10           6             -2              0       1.3333333333333333       8       
   2401       11           6             -1              0       1.1666666666666667       7       
   2402       10           3             -2              0       1.6666666666666667       6       
   2403       10           6              0              0             1.0             6       
   2404       11           6             -1              0       1.1666666666666667       7       
   2405       9            2             -2              0             2.0             6       
   2406       11           6             -1              0       1.1666666666666667       7       
   2407       11           5             -2              0             1.4             7       
   2408       10           6              1              0       0.8333333333333334       5       
   2409       10           3             -2              0       1.6666666666666667       6       
   2410       9            2             -2              0             2.0             5       
   2411       10           6              0              0             1.0             6       
   2412       11           5             -2              0             1.4             7       
   2413       10           2             -2              0             2.0             4       
   2414       11           8              2              0            0.75             6       
   2415       10           3             -2              0       1.6666666666666667       5       
   2416       10           5             -2              0             1.4             7       
   2417       10           4              0              0             1.0             4       
   2418       10           2             -2              0             2.0             4       
   2419       11           7              0              0             1.0             7       
   2420       11           6             -1              0       1.1666666666666667       7       
   2421       10           3             -2              0       1.6666666666666667       5       
   2422       9            3             -2              0       1.6666666666666667       6       
   2423       11           5             -2              0             1.4             7       
   2424       11           4             -1              0            1.25             5       
   2425       11           7              0              0             1.0             7       
   2426       11           5             -2              0             1.4             7       
   2427       11           7              0              0             1.0             7       
   2428       10           5             -1              0             1.2             6       
   2429       10           4             -2              0             1.5             6       
   2430       11           7              1              0       0.8571428571428571       6       
   2431       11           6              0              0             1.0             6       
   2432       9            2             -2              0             2.0             4       
   2433       11           7              1              0       0.8571428571428571       6       
   2434       11           5             -2              0             1.4             7       
   2435       11           8              2              0            0.75             6       
   2436       11           7              0              0             1.0             7       
   2437       11           8              1              0            0.875            7       
   2438       10           4             -1              0            1.25             5       
   2439       11           5             -1              0             1.2             6       
   2440       10           4              0              0             1.0             4       
   2441       11           5             -2              0             1.4             7       
   2442       10           2             -2              0             2.0             5       
   2443       11           6              0              0             1.0             6       
   2444       10           5             -2              0             1.4             7       
   2445       11           6              0              0             1.0             6       
   2446       11           5             -1              0             1.2             6       
   2447       10           4             -3              0            1.75             7       
   2448       10           5             -1              0             1.2             6       
   2449       11           7              1              0       0.8571428571428571       6       
   2450       9            2             -2              0             2.0             6       
   2451       9            3             -2              0       1.6666666666666667       6       
   2452       10           5             -2              0             1.4             7       
   2453       10           4             -2              0             1.5             6       
   2454       11           7              0              0             1.0             7       
   2455       10           4             -3              0            1.75             7       
   2456       11           5              0              0             1.0             5       
   2457       11           5             -2              0             1.4             7       
   2458       11           7              0              0             1.0             7       
   2459       11           7              0              0             1.0             7       
   2460       11           5             -2              0             1.4             7       
   2461       11           4             -1              0            1.25             5       
   2462       10           6             -1              0       1.1666666666666667       7       
   2463       9            3             -2              0       1.6666666666666667       6       
   2464       11           5             -2              0             1.4             7       
   2465       10           6              0              0             1.0             6       
   2466       11           8              2              0            0.75             6       
   2467       11           5              0              0             1.0             5       
   2468       11           5             -2              0             1.4             7       
   2469       10           4             -1              0            1.25             6       
   2470       10           4             -1              0            1.25             5       
   2471       11           6             -1              0       1.1666666666666667       7       
   2472       10           4             -2              0             1.5             7       
   2473       11           5             -1              0             1.2             6       
   2474       9            4             -1              0            1.25             5       
   2475       9            2             -2              0             2.0             4       
   2476       11           8              2              0            0.75             6       
   2477       11           4             -1              0            1.25             5       
   2478       11           7              0              0             1.0             7       
   2479       11           5             -2              0             1.4             7       
   2480       11           8              2              0            0.75             6       
   2481       10           4              0              0             1.0             4       
   2482       10           3             -2              0       1.6666666666666667       5       
   2483       10           4             -2              0             1.5             6       
   2484       10           4             -2              0             1.5             6       
   2485       11           7              1              0       0.8571428571428571       6       
   2486       10           4             -3              0            1.75             7       
   2487       10           6             -1              0       1.1666666666666667       7       
   2488       11           5             -2              0             1.4             7       
   2489       10           4             -1              0            1.25             5       
   2490       11           5             -2              0             1.4             7       
   2491       11           5             -2              0             1.4             7       
   2492       10           5             -2              0             1.4             7       
   2493       10           5             -1              0             1.2             6       
   2494       11           6              0              0             1.0             6       
   2495       11           7             -1              0       1.1428571428571428       8       
   2496       11           5             -2              0             1.4             7       
   2497       10           4             -1              0            1.25             5       
   2498       9            2             -2              0             2.0             5       
   2499       9            3             -2              0       1.6666666666666667       6       
   2500       11           4             -1              0            1.25             5       
   2501       10           6             -1              0       1.1666666666666667       7       
   2502       10           7              0              0             1.0             7       
   2503       11           6              0              0             1.0             6       
   2504       11           7              0              0             1.0             7       
   2505       11           5             -2              0             1.4             7       
   2506       10           3             -1              0       1.3333333333333333       4       
   2507       11           6              0              0             1.0             6       
   2508       11           5             -3              0             1.6             8       
   2509       10           4             -2              0             1.5             6       
   2510       11           6             -1              0       1.1666666666666667       7       
   2511       10           4             -1              0            1.25             6       
   2512       11           5             -2              0             1.4             7       
   2513       11           5             -2              0             1.4             7       
   2514       10           4             -2              0             1.5             6       
   2515       10           4             -1              0            1.25             5       
   2516       10           3             -3              0             2.0             6       
   2517       11           4             -1              0            1.25             5       
   2518       9            2             -2              0             2.0             6       
   2519       11           5             -2              0             1.4             7       
   2520       11           7              1              0       0.8571428571428571       6       
   2521       10           5              0              0             1.0             5       
   2522       11           5             -2              0             1.4             7       
   2523       11           5             -1              0             1.2             6       
   2524       9            2             -2              0             2.0             5       
   2525       11           5             -1              0             1.2             6       
   2526       11           7              0              0             1.0             7       
   2527       11           6              0              0             1.0             6       
   2528       10           5             -2              0             1.4             7       
   2529       11           6             -1              0       1.1666666666666667       7       
   2530       11           6             -1              0       1.1666666666666667       7       
   2531       11           6              0              0             1.0             6       
   2532       11           6              0              0             1.0             6       
   2533       11           5             -2              0             1.4             7       
   2534       11           6              0              0             1.0             6       
   2535       11           5             -2              0             1.4             7       
   2536       11           7              0              0             1.0             7       
   2537       10           4              0              0             1.0             4       
   2538       11           7             -1              0       1.1428571428571428       8       
   2539       11           6             -1              0       1.1666666666666667       7       
   2540       9            2             -2              0             2.0             5       
   2541       11           5             -2              0             1.4             7       
   2542       9            3             -2              0       1.6666666666666667       6       
   2543       10           3             -1              0       1.3333333333333333       4       
   2544       11           5             -2              0             1.4             7       
   2545       11           8              2              0            0.75             6       
   2546       10           3             -2              0       1.6666666666666667       5       
   2547       9            2             -2              0             2.0             5       
   2548       10           4             -1              0            1.25             5       
   2549       11           7              0              0             1.0             7       
   2550       10           5             -1              0             1.2             6       
   2551       9            5             -1              0             1.2             6       
   2552       9            3             -2              0       1.6666666666666667       6       
   2553       10           4             -1              0            1.25             5       
   2554       10           4             -2              0             1.5             6       
   2555       10           5             -1              0             1.2             6       
   2556       11           5             -1              0             1.2             6       
   2557       10           6             -1              0       1.1666666666666667       7       
   2558       10           5             -1              0             1.2             7       
   2559       11           8              1              0            0.875            7       
   2560       11           4             -1              0            1.25             5       
   2561       11           6             -1              0       1.1666666666666667       7       
   2562       11           7              0              0             1.0             7       
   2563       10           4             -2              0             1.5             6       
   2564       10           4             -2              0             1.5             7       
   2565       11           5             -2              0             1.4             7       
   2566       11           5             -1              0             1.2             6       
   2567       11           5             -2              0             1.4             7       
   2568       11           5             -2              0             1.4             7       
   2569       10           6              1              0       0.8333333333333334       5       
   2570       11           7              0              0             1.0             7       
   2571       11           4             -1              0            1.25             5       
   2572       10           3             -2              0       1.6666666666666667       6       
   2573       10           4             -3              0            1.75             8       
   2574       11           6             -1              0       1.1666666666666667       7       
   2575       11           5             -1              0             1.2             6       
   2576       11           8              1              0            0.875            7       
   2577       10           4             -1              0            1.25             5       
   2578       11           5             -2              0             1.4             7       
   2579       11           7              0              0             1.0             7       
   2580       11           5             -2              0             1.4             7       
   2581       11           5             -2              0             1.4             7       
   2582       11           5             -2              0             1.4             7       
   2583       11           5             -1              0             1.2             6       
   2584       10           4             -2              0             1.5             6       
   2585       11           6              0              0             1.0             6       
   2586       10           7              0              0             1.0             7       
   2587       11           7              0              0             1.0             7       
   2588       10           6             -1              0       1.1666666666666667       7       
   2589       11           7              0              0             1.0             7       
   2590       9            2             -2              0             2.0             5       
   2591       9            5              0              0             1.0             5       
   2592       11           6              0              0             1.0             6       
   2593       11           6             -1              0       1.1666666666666667       7       
   2594       11           7              1              0       0.8571428571428571       6       
   2595       10           4             -2              0             1.5             6       
   2596       11           6             -1              0       1.1666666666666667       7       
   2597       11           8              2              0            0.75             6       
   2598       11           6              0              0             1.0             6       
   2599       11           9              3              0       0.6666666666666666       6       
   2600       10           4             -2              0             1.5             6       
   2601       11           4             -1              0            1.25             5       
   2602       11           5             -2              0             1.4             7       
   2603       11           8              2              0            0.75             6       
   2604       10           3             -2              0       1.6666666666666667       5       
   2605       11           7              0              0             1.0             7       
   2606       10           5             -1              0             1.2             6       
   2607       11           5             -2              0             1.4             7       
   2608       10           5             -2              0             1.4             7       
   2609       10           6             -1              0       1.1666666666666667       7       
   2610       11           4             -2              0             1.5             6       
   2611       11           5              0              0             1.0             5       
   2612       11           6             -1              0       1.1666666666666667       7       
   2613       10           6             -1              0       1.1666666666666667       7       
   2614       11           5             -2              0             1.4             7       
   2615       11           5             -3              0             1.6             8       
   2616       11           5              0              0             1.0             5       
   2617       11           6             -1              0       1.1666666666666667       7       
   2618       11           5             -2              0             1.4             7       
   2619       11           7              1              0       0.8571428571428571       6       
   2620       10           3             -2              0       1.6666666666666667       6       
   2621       10           6             -1              0       1.1666666666666667       7       
   2622       10           3             -1              0       1.3333333333333333       4       
   2623       10           2             -2              0             2.0             4       
   2624       10           5             -1              0             1.2             6       
   2625       10           3             -3              0             2.0             6       
   2626       11           7              0              0             1.0             7       
   2627       11           4             -1              0            1.25             5       
   2628       11           5             -3              0             1.6             8       
   2629       10           7              0              0             1.0             7       
   2630       10           5             -1              0             1.2             6       
   2631       11           5             -2              0             1.4             7       
   2632       11           6             -1              0       1.1666666666666667       7       
   2633       10           4             -1              0            1.25             5       
   2634       11           6             -1              0       1.1666666666666667       7       
   2635       11           6              0              0             1.0             6       
   2636       11           7              0              0             1.0             7       
   2637       11           6             -1              0       1.1666666666666667       7       
   2638       11           4             -2              0             1.5             6       
   2639       10           4             -2              0             1.5             6       
   2640       11           6             -1              0       1.1666666666666667       7       
   2641       11           4             -3              0            1.75             7       
   2642       11           6             -1              0       1.1666666666666667       7       
   2643       11           8              1              0            0.875            7       
   2644       10           4             -1              0            1.25             5       
   2645       11           5             -2              0             1.4             7       
   2646       11           5             -2              0             1.4             7       
   2647       10           6             -1              0       1.1666666666666667       7       
   2648       11           6              0              0             1.0             6       
   2649       11           6             -2              0       1.3333333333333333       8       
   2650       10           3             -2              0       1.6666666666666667       5       
   2651       10           3             -3              0             2.0             6       
   2652       10           3             -2              0       1.6666666666666667       5       
   2653       10           5             -2              0             1.4             7       
   2654       10           4             -1              0            1.25             5       
   2655       10           4             -1              0            1.25             5       
   2656       11           6             -1              0       1.1666666666666667       7       
   2657       11           6             -1              0       1.1666666666666667       7       
   2658       11           7              1              0       0.8571428571428571       6       
   2659       11           4             -2              0             1.5             6       
   2660       11           7              0              0             1.0             7       
   2661       11           7              0              0             1.0             7       
   2662       11           5             -2              0             1.4             7       
   2663       10           6             -2              0       1.3333333333333333       8       
   2664       11           5             -2              0             1.4             7       
   2665       10           4             -2              0             1.5             6       
   2666       9            3             -2              0       1.6666666666666667       6       
   2667       11           4             -1              0            1.25             5       
   2668       11           7              0              0             1.0             7       
   2669       11           7              0              0             1.0             7       
   2670       10           6             -1              0       1.1666666666666667       7       
   2671       10           6             -1              0       1.1666666666666667       7       
   2672       9            2             -2              0             2.0             5       
   2673       11           7              1              0       0.8571428571428571       6       
   2674       11           4             -1              0            1.25             5       
   2675       10           3             -3              0             2.0             6       
   2676       11           6              0              0             1.0             6       
   2677       11           6              0              0             1.0             6       
   2678       11           5             -2              0             1.4             7       
   2679       10           3             -3              0             2.0             6       
   2680       10           4             -2              0             1.5             6       
   2681       11           7              1              0       0.8571428571428571       6       
   2682       9            3             -2              0       1.6666666666666667       6       
   2683       10           5             -3              0             1.6             8       
   2684       11           5             -2              0             1.4             7       
   2685       11           5             -2              0             1.4             7       
   2686       10           6              0              0             1.0             6       
   2687       11           6             -1              0       1.1666666666666667       7       
   2688       11           4             -2              0             1.5             6       
   2689       10           4              0              0             1.0             4       
   2690       11           5             -2              0             1.4             7       
   2691       9            3             -2              0       1.6666666666666667       7       
   2692       10           4             -3              0            1.75             7       
   2693       10           5             -2              0             1.4             7       
   2694       11           6              0              0             1.0             6       
   2695       11           5             -2              0             1.4             7       
   2696       10           2             -2              0             2.0             4       
   2697       11           5             -2              0             1.4             7       
   2698       11           5             -2              0             1.4             7       
   2699       11           5             -2              0             1.4             7       
   2700       11           7              0              0             1.0             7       
   2701       10           4             -1              0            1.25             5       
   2702       11           5             -1              0             1.2             6       
   2703       11           5              0              0             1.0             5       
   2704       10           5              0              0             1.0             5       
   2705       11           7              0              0             1.0             7       
   2706       11           8              1              0            0.875            7       
   2707       11           5             -2              0             1.4             7       
   2708       11           5             -1              0             1.2             6       
   2709       11           6             -1              0       1.1666666666666667       7       
   2710       10           2             -2              0             2.0             4       
   2711       11           4             -2              0             1.5             6       
   2712       11           5             -2              0             1.4             7       
   2713       11           6              0              0             1.0             6       
   2714       10           4              0              0             1.0             4       
   2715       10           4             -3              0            1.75             7       
   2716       11           7              0              0             1.0             7       
   2717       10           6             -1              0       1.1666666666666667       7       
   2718       10           4             -2              0             1.5             6       
   2719       11           7              1              0       0.8571428571428571       6       
   2720       10           5             -1              0             1.2             6       
   2721       11           5             -2              0             1.4             7       
   2722       10           5             -2              0             1.4             7       
   2723       11           4             -2              0             1.5             6       
   2724       10           6              0              0             1.0             6       
   2725       11           5             -3              0             1.6             8       
   2726       11           5             -2              0             1.4             7       
   2727       11           5             -2              0             1.4             7       
   2728       11           5             -1              0             1.2             6       
   2729       11           6             -1              0       1.1666666666666667       7       
   2730       11           5             -1              0             1.2             6       
   2731       11           6              0              0             1.0             6       
   2732       11           7              1              0       0.8571428571428571       6       
   2733       10           4             -2              0             1.5             6       
   2734       11           5             -2              0             1.4             7       
   2735       10           4             -3              0            1.75             7       
   2736       11           6             -1              0       1.1666666666666667       7       
   2737       10           4              0              0             1.0             4       
   2738       10           3             -2              0       1.6666666666666667       6       
   2739       10           4             -2              0             1.5             6       
   2740       11           6             -2              0       1.3333333333333333       8       
   2741       11           5             -2              0             1.4             7       
   2742       11           7              1              0       0.8571428571428571       6       
   2743       11           7              1              0       0.8571428571428571       6       
   2744       11           5             -2              0             1.4             7       
   2745       11           4             -3              0            1.75             7       
   2746       11           7              1              0       0.8571428571428571       6       
   2747       11           5             -2              0             1.4             7       
   2748       11           5             -2              0             1.4             7       
   2749       10           6             -1              0       1.1666666666666667       7       
   2750       10           4             -3              0            1.75             7       
   2751       11           6             -1              0       1.1666666666666667       7       
   2752       11           7              1              0       0.8571428571428571       6       
   2753       11           6             -1              0       1.1666666666666667       7       
   2754       11           6              0              0             1.0             6       
   2755       11           5             -2              0             1.4             7       
   2756       11           6             -1              0       1.1666666666666667       7       
   2757       11           5             -1              0             1.2             6       
   2758       10           4             -2              0             1.5             6       
   2759       11           8              2              0            0.75             6       
   2760       11           4             -1              0            1.25             5       
   2761       11           5             -2              0             1.4             7       
   2762       11           6              0              0             1.0             6       
   2763       11           8              2              0            0.75             6       
   2764       10           4             -2              0             1.5             7       
   2765       10           3             -3              0             2.0             6       
   2766       11           7              0              0             1.0             7       
   2767       11           4             -1              0            1.25             5       
   2768       11           5              0              0             1.0             5       
   2769       10           2             -2              0             2.0             4       
   2770       10           4             -3              0            1.75             7       
   2771       11           4             -1              0            1.25             5       
   2772       9            4             -1              0            1.25             6       
   2773       11           7              0              0             1.0             7       
   2774       11           6             -1              0       1.1666666666666667       7       
   2775       10           3             -2              0       1.6666666666666667       6       
   2776       10           4             -2              0             1.5             6       
   2777       11           7              0              0             1.0             7       
   2778       10           3             -3              0             2.0             6       
   2779       11           6             -1              0       1.1666666666666667       7       
   2780       11           5             -1              0             1.2             6       
   2781       11           7              0              0             1.0             7       
   2782       10           4             -2              0             1.5             6       
   2783       11           6             -1              0       1.1666666666666667       7       
   2784       10           4             -2              0             1.5             7       
   2785       10           4             -2              0             1.5             6       
   2786       11           4             -1              0            1.25             5       
   2787       11           4             -1              0            1.25             5       
   2788       11           6             -1              0       1.1666666666666667       7       
   2789       11           4             -3              0            1.75             7       
   2790       11           5             -1              0             1.2             6       
   2791       11           6              0              0             1.0             6       
   2792       11           7              1              0       0.8571428571428571       6       
   2793       11           5             -1              0             1.2             6       
   2794       10           5             -1              0             1.2             6       
   2795       10           4             -1              0            1.25             5       
   2796       11           5             -1              0             1.2             6       
   2797       10           4             -2              0             1.5             6       
   2798       11           6             -1              0       1.1666666666666667       7       
   2799       10           3             -3              0             2.0             6       
   2800       11           7              0              0             1.0             7       
   2801       10           3             -3              0             2.0             6       
   2802       10           3             -2              0       1.6666666666666667       6       
   2803       11           6              0              0             1.0             6       
   2804       11           8              1              0            0.875            7       
   2805       10           5             -3              0             1.6             8       
   2806       11           7             -1              0       1.1428571428571428       8       
   2807       11           4             -1              0            1.25             5       
   2808       10           4             -3              0            1.75             8       
   2809       10           3             -2              0       1.6666666666666667       6       
   2810       11           5             -2              0             1.4             7       
   2811       11           5             -2              0             1.4             7       
   2812       10           4             -2              0             1.5             6       
   2813       11           5             -1              0             1.2             6       
   2814       11           6             -1              0       1.1666666666666667       7       
   2815       10           4             -1              0            1.25             5       
   2816       10           3             -2              0       1.6666666666666667       5       
   2817       10           4             -2              0             1.5             6       
   2818       9            4             -2              0             1.5             6       
   2819       11           5             -1              0             1.2             6       
   2820       10           4             -2              0             1.5             7       
   2821       11           6              0              0             1.0             6       
   2822       11           6             -1              0       1.1666666666666667       7       
   2823       11           5             -2              0             1.4             7       
   2824       11           5             -2              0             1.4             7       
   2825       11           6              0              0             1.0             6       
   2826       10           4             -3              0            1.75             7       
   2827       9            4             -2              0             1.5             6       
   2828       11           6             -1              0       1.1666666666666667       7       
   2829       11           6             -1              0       1.1666666666666667       7       
   2830       10           3             -3              0             2.0             6       
   2831       10           4             -1              0            1.25             5       
   2832       11           7              0              0             1.0             7       
   2833       10           3             -1              0       1.3333333333333333       4       
   2834       11           5             -1              0             1.2             6       
   2835       11           7              1              0       0.8571428571428571       6       
   2836       10           5             -2              0             1.4             7       
   2837       11           5             -2              0             1.4             7       
   2838       10           2             -2              0             2.0             4       
   2839       11           6              0              0             1.0             6       
   2840       10           4              0              0             1.0             4       
   2841       10           3             -2              0       1.6666666666666667       5       
   2842       10           4             -2              0             1.5             6       
   2843       11           5             -2              0             1.4             7       
   2844       11           6             -1              0       1.1666666666666667       7       
   2845       10           4             -2              0             1.5             6       
   2846       10           4             -1              0            1.25             5       
   2847       11           6             -1              0       1.1666666666666667       7       
   2848       11           6             -1              0       1.1666666666666667       7       
   2849       11           5             -2              0             1.4             7       
   2850       11           7              1              0       0.8571428571428571       6       
   2851       11           7              0              0             1.0             7       
   2852       11           4             -3              0            1.75             7       
   2853       11           5             -1              0             1.2             6       
   2854       11           6             -1              0       1.1666666666666667       7       
   2855       10           4              0              0             1.0             4       
   2856       10           5             -1              0             1.2             6       
   2857       11           6             -1              0       1.1666666666666667       7       
   2858       11           4             -2              0             1.5             6       
   2859       10           2             -2              0             2.0             4       
   2860       11           5             -2              0             1.4             7       
   2861       11           6             -1              0       1.1666666666666667       7       
   2862       10           5             -2              0             1.4             7       
   2863       10           3             -1              0       1.3333333333333333       4       
   2864       11           7              0              0             1.0             7       
   2865       11           7              0              0             1.0             7       
   2866       11           5             -1              0             1.2             6       
   2867       10           2             -2              0             2.0             5       
   2868       10           4             -1              0            1.25             5       
   2869       11           5             -1              0             1.2             6       
   2870       10           3             -3              0             2.0             6       
   2871       11           6              0              0             1.0             6       
   2872       9            4             -1              0            1.25             5       
   2873       10           7             -1              0       1.1428571428571428       8       
   2874       9            3             -2              0       1.6666666666666667       6       
   2875       10           4             -2              0             1.5             6       
   2876       11           6             -1              0       1.1666666666666667       7       
   2877       11           7              0              0             1.0             7       
   2878       11           5             -1              0             1.2             6       
   2879       11           6             -1              0       1.1666666666666667       7       
   2880       11           6             -1              0       1.1666666666666667       7       
   2881       11           6              0              0             1.0             6       
   2882       11           5             -2              0             1.4             7       
   2883       11           5             -1              0             1.2             6       
   2884       11           5             -1              0             1.2             6       
   2885       11           5             -3              0             1.6             8       
   2886       11           5             -2              0             1.4             7       
   2887       11           5             -2              0             1.4             7       
   2888       11           5             -2              0             1.4             7       
   2889       9            2             -2              0             2.0             5       
   2890       10           5             -2              0             1.4             8       
   2891       10           3             -2              0       1.6666666666666667       5       
   2892       11           7              1              0       0.8571428571428571       6       
   2893       10           3             -3              0             2.0             6       
   2894       10           3             -2              0       1.6666666666666667       5       
   2895       11           5              0              0             1.0             5       
   2896       11           5              0              0             1.0             5       
   2897       10           4             -1              0            1.25             5       
   2898       11           6             -1              0       1.1666666666666667       7       
   2899       11           6             -2              0       1.3333333333333333       8       
   2900       11           6             -1              0       1.1666666666666667       7       
   2901       11           7              0              0             1.0             7       
   2902       10           3             -2              0       1.6666666666666667       5       
   2903       10           5             -2              0             1.4             7       
   2904       10           3             -1              0       1.3333333333333333       4       
   2905       10           3             -3              0             2.0             6       
   2906       11           6              0              0             1.0             6       
   2907       10           3             -2              0       1.6666666666666667       5       
   2908       10           6             -1              0       1.1666666666666667       7       
   2909       11           4             -3              0            1.75             7       
   2910       11           6             -1              0       1.1666666666666667       7       
   2911       10           3             -1              0       1.3333333333333333       4       
   2912       11           7              0              0             1.0             7       
   2913       10           4             -3              0            1.75             7       
   2914       11           5             -2              0             1.4             7       
   2915       10           5             -1              0             1.2             6       
   2916       11           5             -2              0             1.4             7       
   2917       11           4             -1              0            1.25             5       
   2918       10           3             -2              0       1.6666666666666667       5       
   2919       11           4             -1              0            1.25             5       
   2920       10           6             -1              0       1.1666666666666667       7       
   2921       11           7             -1              0       1.1428571428571428       8       
   2922       10           7              1              0       0.8571428571428571       6       
   2923       11           6             -1              0       1.1666666666666667       7       
   2924       10           4             -1              0            1.25             5       
   2925       11           6              0              0             1.0             6       
   2926       11           4             -3              0            1.75             8       
   2927       10           2             -2              0             2.0             4       
   2928       10           5             -1              0             1.2             6       
   2929       11           5             -2              0             1.4             7       
   2930       10           4              0              0             1.0             4       
   2931       10           4             -3              0            1.75             7       
   2932       11           5             -1              0             1.2             6       
   2933       10           4             -2              0             1.5             6       
   2934       11           6             -1              0       1.1666666666666667       7       
   2935       11           6             -1              0       1.1666666666666667       7       
   2936       11           6             -1              0       1.1666666666666667       7       
   2937       10           3             -2              0       1.6666666666666667       5       
   2938       10           5             -2              0             1.4             7       
   2939       11           6             -1              0       1.1666666666666667       7       
   2940       10           4             -1              0            1.25             6       
   2941       10           5             -2              0             1.4             7       
   2942       11           9              3              0       0.6666666666666666       6       
   2943       10           3             -2              0       1.6666666666666667       5       
   2944       11           6              0              0             1.0             6       
   2945       11           5             -1              0             1.2             6       
   2946       11           6             -1              0       1.1666666666666667       7       
   2947       11           6             -1              0       1.1666666666666667       7       
   2948       11           5             -1              0             1.2             6       
   2949       11           6             -1              0       1.1666666666666667       7       
   2950       10           2             -2              0             2.0             4       
   2951       11           5              0              0             1.0             5       
   2952       10           5             -3              0             1.6             8       
   2953       10           5             -2              0             1.4             8       
   2954       10           3             -3              0             2.0             6       
   2955       11           6              0              0             1.0             6       
   2956       11           7              0              0             1.0             7       
   2957       11           7              1              0       0.8571428571428571       6       
   2958       10           3             -3              0             2.0             6       
   2959       11           7              0              0             1.0             7       
   2960       10           3             -3              0             2.0             6       
   2961       10           4             -1              0            1.25             6       
   2962       10           4             -2              0             1.5             6       
   2963       11           8              2              0            0.75             6       
   2964       11           5             -2              0             1.4             7       
   2965       9            4             -1              0            1.25             7       
   2966       11           4             -1              0            1.25             5       
   2967       11           6             -1              0       1.1666666666666667       7       
   2968       9            4             -1              0            1.25             5       
   2969       11           6             -1              0       1.1666666666666667       7       
   2970       11           8              2              0            0.75             6       
   2971       11           6              0              0             1.0             6       
   2972       11           6             -1              0       1.1666666666666667       7       
   2973       11           4             -1              0            1.25             5       
   2974       10           4             -3              0            1.75             7       
   2975       11           5             -1              0             1.2             6       
   2976       11           5             -2              0             1.4             7       
   2977       9            3             -2              0       1.6666666666666667       6       
   2978       11           5             -2              0             1.4             7       
   2979       11           7              0              0             1.0             7       
   2980       11           5             -2              0             1.4             7       
   2981       10           5             -2              0             1.4             7       
   2982       10           5             -2              0             1.4             7       
   2983       9            2             -2              0             2.0             5       
   2984       10           4              0              0             1.0             4       
   2985       9            2             -2              0             2.0             5       
   2986       11           5             -1              0             1.2             6       
   2987       10           4              0              0             1.0             4       
   2988       11           6             -1              0       1.1666666666666667       7       
   2989       11           6             -1              0       1.1666666666666667       7       
   2990       10           4             -1              0            1.25             5       
   2991       10           4             -1              0            1.25             6       
   2992       10           3             -2              0       1.6666666666666667       6       
   2993       11           8              1              0            0.875            7       
   2994       11           7              1              0       0.8571428571428571       6       
   2995       11           7              1              0       0.8571428571428571       6       
   2996       10           3             -2              0       1.6666666666666667       6       
   2997       10           5              0              0             1.0             5       
   2998       10           5             -2              0             1.4             7       
   2999       10           4              0              0             1.0             4       
   3000       10           3             -1              0       1.3333333333333333       4       
