0 6 0 19998 4.0 5 
0 6 50 20148 4.0 5 
2.0 4.0 0 19998 4.5 5 
2.0 4.0 50 20148 4.333333333333333 5 
0 6 0 19998 4.5 5 
0 6 1000.0 19998.0 4.0 5 
1.0 2.0 200.0 19998.0 4.0 5 
1.0 2.0 1200.0 19998.0 4.0 5 
1.0 3.0 0 19998 4.0 5 
1.0 3.0 1000.0 19998.0 4.0 5 
2 2 200.0 19998.0 4.0 5 
2 2 1200.0 19998.0 4.0 5 
2.0 4.0 1000.0 19998.0 4.5 5 
3.0 5.0 200.0 19998.0 4.5 5 
3.0 5.0 1200.0 19998.0 4.5 5 
3.0 6.0 200.0 19998.0 4.0 5 
3.0 6.0 1200.0 19998.0 4.0 5 
2 2 50 20148 4.0 5 
0 6 50 20148 4.333333333333333 5 
0 6 100.0 20148.0 4.333333333333333 5 
0 6 50.0 20098.0 4.333333333333333 5 
0 6 50.0 20098.0 4.0 5 
0 6 100.0 20148.0 4.0 5 
0 6 1050.0 20148.0 4.0 5 
1.0 3.0 50 20148 4.0 5 
1.0 3.0 1050.0 20148.0 4.0 5 
2 2 250.0 20148.0 4.0 5 
2 2 1250.0 20148.0 4.0 5 
2.0 4.0 1050.0 20148.0 4.333333333333333 5 
3.0 5.0 250.0 20148.0 4.333333333333333 5 
3.0 5.0 1250.0 20148.0 4.333333333333333 5 
3.0 6.0 250.0 20148.0 4.0 5 
3.0 6.0 1250.0 20148.0 4.0 5 
1.0 2.0 250.0 20148.0 4.0 5 
1.0 2.0 1250.0 20148.0 4.0 5 
