0 6 0 9999 4.0 5 
0 0 0 9999 4.0 5 
0 6 50 10149 4.0 5 
0 0 50 10149 4.0 5 
2.0 4.0 0 9999 5.0 5 
1.0 2.0 50.0 10099.0 4.0 5 
0 6 300.0 10399.0 4.0 5 
1 1 50.0 10099.0 4.0 5 
2.0 4.0 300.0 10399.0 4.5 5 
0 0 50.0 10099.0 4.0 5 
0 6 350.0 10549.0 4.0 5 
1 1 100.0 10249.0 4.0 5 
2.0 4.0 350.0 10549.0 4.333333333333333 5 
2.0 4.0 50 10149 4.5 5 
2.0 3.0 100.0 10149.0 4.5 5 
0 0 0 9999 5.0 5 
1.0 2.0 200.0 9999.0 4.0 5 
2 2 200.0 9999.0 4.0 5 
1.0 3.0 0 9999 4.0 5 
3.0 5.0 200.0 9999.0 5.0 5 
3.0 6.0 200.0 9999.0 4.0 5 
0 6 200.0 10299.0 4.0 5 
0 6 100.0 10199.0 4.0 5 
0 6 400.0 10499.0 4.0 5 
0 6 500.0 10599.0 4.0 5 
0 6 600.0 10699.0 4.0 5 
0 6 400.0 10499.0 4.5 5 
0 6 200.0 10299.0 4.5 5 
0 6 300.0 10399.0 4.5 5 
1.0 2.0 0.0 10019.0 4.0 5 
1.0 2.0 1000.0 10019.0 4.0 5 
1 1 20.0 10049.0 4.0 5 
1 1 1020.0 10049.0 4.0 5 
1.0 2.0 150.0 10199.0 4.0 5 
1.0 2.0 1150.0 10199.0 4.0 5 
3.0 4.0 150.0 10199.0 4.0 5 
3.0 4.0 1150.0 10199.0 4.0 5 
1.0 2.0 400.0 10299.0 4.0 5 
1.0 2.0 500.0 10399.0 4.0 5 
1.0 2.0 300.0 10199.0 4.0 5 
1.0 2.0 600.0 10499.0 4.0 5 
1.0 2.0 700.0 10599.0 4.0 5 
1.0 2.0 800.0 10699.0 4.0 5 
1.0 2.0 600.0 10499.0 4.5 5 
1.0 2.0 400.0 10299.0 4.5 5 
1.0 2.0 500.0 10399.0 4.5 5 
1.0 2.0 100.0 10149.0 4.0 5 
1.0 2.0 1100.0 10149.0 4.0 5 
1.0 2.0 150.0 10199.0 4.5 5 
1.0 2.0 1150.0 10199.0 4.5 5 
2.0 4.0 100.0 10149.0 4.0 5 
2.0 4.0 1100.0 10149.0 4.0 5 
2.0 3.0 50.0 10099.0 4.0 5 
2.0 3.0 1050.0 10099.0 4.0 5 
1.0 2.0 1050.0 10099.0 4.0 5 
1.0 2.0 100.0 10149.0 4.5 5 
1.0 2.0 1100.0 10149.0 4.5 5 
1 1 100.0 10149.0 4.0 5 
1 1 1100.0 10149.0 4.0 5 
1 1 1050.0 10099.0 4.0 5 
0.0 1.0 100.0 10149.0 4.0 5 
0.0 1.0 1100.0 10149.0 4.0 5 
2.0 3.0 20.0 10049.0 4.0 5 
2.0 3.0 1020.0 10049.0 4.0 5 
2 2 100.0 10149.0 4.0 5 
2 2 1100.0 10149.0 4.0 5 
2.0 3.0 1100.0 10149.0 4.5 5 
2.0 4.0 150.0 10199.0 4.0 5 
2.0 4.0 1150.0 10199.0 4.0 5 
1 1 150.0 10199.0 4.0 5 
1 1 1150.0 10199.0 4.0 5 
1.0 3.0 300.0 10399.0 4.0 5 
1.0 3.0 100.0 10199.0 4.0 5 
1.0 3.0 200.0 10299.0 4.0 5 
1.0 3.0 500.0 10599.0 4.0 5 
1.0 3.0 400.0 10499.0 4.0 5 
1.0 3.0 400.0 10499.0 4.5 5 
1.0 3.0 600.0 10699.0 4.0 5 
1.0 3.0 200.0 10299.0 4.5 5 
1.0 3.0 300.0 10399.0 4.5 5 
2 2 400.0 10299.0 4.0 5 
2 2 500.0 10399.0 4.0 5 
2 2 300.0 10199.0 4.0 5 
2 2 600.0 10499.0 4.0 5 
2 2 700.0 10599.0 4.0 5 
2 2 800.0 10699.0 4.0 5 
2 2 600.0 10499.0 4.5 5 
2 2 500.0 10399.0 4.5 5 
2 2 400.0 10299.0 4.5 5 
2.0 4.0 20.0 10049.0 4.0 5 
2.0 4.0 1020.0 10049.0 4.0 5 
2.0 4.0 0.0 10019.0 4.0 5 
2.0 4.0 1000.0 10019.0 4.0 5 
2.0 4.0 200.0 10299.0 4.5 5 
2.0 4.0 100.0 10199.0 4.5 5 
2.0 4.0 400.0 10499.0 4.5 5 
2.0 4.0 500.0 10599.0 4.5 5 
2.0 4.0 600.0 10699.0 4.5 5 
3.0 5.0 400.0 10299.0 4.5 5 
3.0 5.0 300.0 10199.0 4.5 5 
3.0 5.0 500.0 10399.0 4.5 5 
3.0 5.0 600.0 10499.0 4.5 5 
3.0 5.0 700.0 10599.0 4.5 5 
3.0 5.0 800.0 10699.0 4.5 5 
3.0 4.0 100.0 10149.0 4.0 5 
3.0 4.0 1100.0 10149.0 4.0 5 
0.5 0.5 50.0 10099.0 4.0 5 
0.5 0.5 1050.0 10099.0 4.0 5 
3.0 6.0 400.0 10299.0 4.0 5 
3.0 6.0 500.0 10399.0 4.0 5 
3.0 6.0 300.0 10199.0 4.0 5 
3.0 6.0 600.0 10499.0 4.0 5 
3.0 6.0 700.0 10599.0 4.0 5 
3.0 6.0 800.0 10699.0 4.0 5 
3.0 6.0 400.0 10299.0 4.5 5 
3.0 6.0 600.0 10499.0 4.5 5 
3.0 6.0 500.0 10399.0 4.5 5 
3.0 4.0 20.0 10049.0 4.0 5 
3.0 4.0 1020.0 10049.0 4.0 5 
3 3 50.0 10099.0 4.0 5 
3 3 1050.0 10099.0 4.0 5 
2.0 6.0 50.0 10099.0 4.0 5 
2.0 6.0 1050.0 10099.0 4.0 5 
1.0 2.0 20.0 10049.0 4.0 5 
1.0 2.0 1020.0 10049.0 4.0 5 
3.0 5.0 150.0 10199.0 4.0 5 
3.0 5.0 1150.0 10199.0 4.0 5 
1 1 0.0 10019.0 4.0 5 
1 1 1000.0 10019.0 4.0 5 
2 2 0 9999 4.0 5 
2 2 50 10149 4.0 5 
0 6 250.0 10449.0 4.0 5 
1.0 2.0 200.0 10349.0 4.333333333333333 5 
3.0 4.0 200.0 10349.0 4.0 5 
0 0 100.0 10149.0 4.0 5 
0 6 50.0 10099.0 4.0 5 
1 1 70.0 10199.0 4.0 5 
2.0 4.0 150.0 10299.0 4.0 5 
0 6 400.0 10549.0 4.0 5 
0 6 350.0 10499.0 4.0 5 
0 6 450.0 10649.0 4.0 5 
0 6 150.0 10349.0 4.0 5 
0 6 550.0 10749.0 4.0 5 
0 6 650.0 10849.0 4.0 5 
0 6 450.0 10649.0 4.333333333333333 5 
0 6 250.0 10449.0 4.333333333333333 5 
0 6 350.0 10549.0 4.333333333333333 5 
1.0 2.0 50.0 10169.0 4.0 5 
1.0 2.0 1050.0 10169.0 4.0 5 
1 1 1070.0 10199.0 4.0 5 
1.0 2.0 200.0 10349.0 4.0 5 
1.0 2.0 1200.0 10349.0 4.0 5 
3.0 4.0 1200.0 10349.0 4.0 5 
1.0 2.0 150.0 10299.0 4.0 5 
1.0 2.0 1150.0 10299.0 4.0 5 
1.0 2.0 1200.0 10349.0 4.333333333333333 5 
2.0 4.0 1150.0 10299.0 4.0 5 
2.0 3.0 100.0 10249.0 4.0 5 
2.0 3.0 1100.0 10249.0 4.0 5 
1.0 2.0 100.0 10249.0 4.0 5 
1.0 2.0 1100.0 10249.0 4.0 5 
1 1 150.0 10299.0 4.0 5 
1 1 1150.0 10299.0 4.0 5 
1 1 1100.0 10249.0 4.0 5 
2.0 3.0 70.0 10199.0 4.0 5 
2.0 3.0 1070.0 10199.0 4.0 5 
2 2 150.0 10299.0 4.0 5 
2 2 1150.0 10299.0 4.0 5 
2.0 4.0 200.0 10349.0 4.0 5 
2.0 4.0 1200.0 10349.0 4.0 5 
1 1 200.0 10349.0 4.0 5 
1 1 1200.0 10349.0 4.0 5 
1.0 3.0 350.0 10549.0 4.0 5 
1.0 3.0 250.0 10449.0 4.0 5 
1.0 3.0 150.0 10349.0 4.0 5 
1.0 3.0 450.0 10649.0 4.0 5 
1.0 3.0 550.0 10749.0 4.0 5 
1.0 3.0 650.0 10849.0 4.0 5 
1.0 3.0 450.0 10649.0 4.333333333333333 5 
1.0 3.0 250.0 10449.0 4.333333333333333 5 
1.0 3.0 350.0 10549.0 4.333333333333333 5 
2 2 450.0 10449.0 4.0 5 
2 2 550.0 10549.0 4.0 5 
2 2 350.0 10349.0 4.0 5 
2 2 650.0 10649.0 4.0 5 
2 2 750.0 10749.0 4.0 5 
2 2 850.0 10849.0 4.0 5 
2 2 650.0 10649.0 4.333333333333333 5 
2 2 450.0 10449.0 4.333333333333333 5 
2 2 550.0 10549.0 4.333333333333333 5 
2.0 4.0 70.0 10199.0 4.0 5 
2.0 4.0 1070.0 10199.0 4.0 5 
2.0 4.0 50.0 10169.0 4.0 5 
2.0 4.0 1050.0 10169.0 4.0 5 
2.0 4.0 250.0 10449.0 4.333333333333333 5 
2.0 4.0 150.0 10349.0 4.333333333333333 5 
2.0 4.0 450.0 10649.0 4.333333333333333 5 
2.0 4.0 550.0 10749.0 4.333333333333333 5 
2.0 4.0 650.0 10849.0 4.333333333333333 5 
3.0 5.0 550.0 10549.0 4.333333333333333 5 
3.0 5.0 450.0 10449.0 4.333333333333333 5 
3.0 5.0 350.0 10349.0 4.333333333333333 5 
3.0 5.0 650.0 10649.0 4.333333333333333 5 
3.0 5.0 750.0 10749.0 4.333333333333333 5 
3.0 5.0 850.0 10849.0 4.333333333333333 5 
3.0 4.0 150.0 10299.0 4.0 5 
3.0 4.0 1150.0 10299.0 4.0 5 
0.5 0.5 100.0 10249.0 4.0 5 
0.5 0.5 1100.0 10249.0 4.0 5 
3.0 6.0 450.0 10449.0 4.0 5 
3.0 6.0 550.0 10549.0 4.0 5 
3.0 6.0 350.0 10349.0 4.0 5 
3.0 6.0 650.0 10649.0 4.0 5 
3.0 6.0 750.0 10749.0 4.0 5 
3.0 6.0 850.0 10849.0 4.0 5 
3.0 6.0 650.0 10649.0 4.333333333333333 5 
3.0 6.0 450.0 10449.0 4.333333333333333 5 
3.0 6.0 550.0 10549.0 4.333333333333333 5 
3.0 4.0 70.0 10199.0 4.0 5 
3.0 4.0 1070.0 10199.0 4.0 5 
3 3 100.0 10249.0 4.0 5 
3 3 1100.0 10249.0 4.0 5 
2.0 6.0 100.0 10249.0 4.0 5 
2.0 6.0 1100.0 10249.0 4.0 5 
1.0 2.0 70.0 10199.0 4.0 5 
1.0 2.0 1070.0 10199.0 4.0 5 
1.0 2.0 450.0 10449.0 4.0 5 
1.0 2.0 550.0 10549.0 4.0 5 
1.0 2.0 350.0 10349.0 4.0 5 
1.0 2.0 650.0 10649.0 4.0 5 
1.0 2.0 750.0 10749.0 4.0 5 
1.0 2.0 650.0 10649.0 4.333333333333333 5 
1.0 2.0 850.0 10849.0 4.0 5 
1.0 2.0 550.0 10549.0 4.333333333333333 5 
1.0 2.0 450.0 10449.0 4.333333333333333 5 
3.0 5.0 200.0 10349.0 4.0 5 
3.0 5.0 1200.0 10349.0 4.0 5 
1 1 50.0 10169.0 4.0 5 
1 1 1050.0 10169.0 4.0 5 
1.0 3.0 50 10149 4.0 5 
2 2 250.0 10149.0 4.0 5 
3.0 5.0 250.0 10149.0 4.5 5 
1.0 2.0 250.0 10149.0 4.0 5 
3.0 6.0 250.0 10149.0 4.0 5 
0 0 1000.0 9999.0 4.0 5 
0 0 50.0 10099.0 4.5 5 
0 0 50 10149 4.5 5 
0 0 100.0 10149.0 4.5 5 
0 0 1050.0 10149.0 4.0 5 
