0 0 50.0 10099.0 4.0 5 
0 0 50 150 4.0 5 
0 0 50 10149 4.0 5 
2.0 4.0 350.0 10549.0 4.333333333333333 5 
0 6 50 10149 4.0 5 
2.0 4.0 50 10149 4.5 5 
0 0 0 9999 4.0 5 
0 0 300.0 400.0 4.0 5 
0 0 50.0 100.0 4.0 5 
0 0 100.0 150.0 4.0 5 
0 0 350.0 550.0 4.0 5 
2.0 3.0 100.0 150.0 5.0 5 
0 6 0 9999 4.0 5 
0 6 300.0 10399.0 4.0 5 
2.0 3.0 100.0 10149.0 4.5 5 
1.0 2.0 0.0 20.0 4.0 5 
2 2 100.0 150.0 4.0 5 
1.0 3.0 0 9999 4.0 5 
2.0 4.0 20.0 50.0 4.0 5 
2.0 4.0 0 9999 5.0 5 
3.0 4.0 100.0 150.0 4.0 5 
0.5 0.5 50.0 100.0 4.0 5 
3.0 6.0 200.0 9999.0 4.0 5 
2.0 6.0 50.0 100.0 4.0 5 
1.0 2.0 20.0 50.0 4.0 5 
3.0 5.0 150.0 200.0 4.0 5 
0 6 100.0 10199.0 4.0 5 
0 6 500.0 10599.0 4.0 5 
1.0 2.0 500.0 620.0 4.0 5 
1.0 2.0 600.0 720.0 4.0 5 
1 1 120.0 250.0 4.0 5 
1 1 420.0 550.0 4.0 5 
1 1 320.0 450.0 4.0 5 
1 1 220.0 350.0 4.5 5 
1.0 2.0 150.0 10199.0 4.0 5 
1.0 2.0 450.0 600.0 4.0 5 
1.0 2.0 350.0 500.0 4.5 5 
3.0 4.0 350.0 500.0 4.0 5 
3.0 4.0 550.0 700.0 4.0 5 
