0 99 0 999999 0.0 5 
0 6 0 9999 4.0 5 
0 6 0 19998 4.0 5 
0 6 50 20148 4.0 5 
0 6 50 10149 4.0 5 
0 0 50 10149 4.0 5 
0 0 50 150 4.0 5 
1.0 2.0 50.0 100.0 4.0 5 
1 1 50.0 100.0 4.0 5 
2.0 4.0 0 9999 5.0 5 
1.0 2.0 50.0 10099.0 4.0 5 
0 6 300.0 10399.0 4.0 5 
1.0 2.0 350.0 500.0 4.0 5 
1 1 50.0 10099.0 4.0 5 
1 1 350.0 500.0 4.0 5 
2.0 4.0 0 19998 4.5 5 
2.0 4.0 300.0 10399.0 4.5 5 
0 0 0 9999 4.0 5 
0 0 50.0 10099.0 4.0 5 
0 6 350.0 10549.0 4.0 5 
1 1 100.0 10249.0 4.0 5 
1 1 400.0 650.0 4.0 5 
2.0 4.0 50 20148 4.333333333333333 5 
1 1 100.0 250.0 4.0 5 
2.0 4.0 50 10149 4.5 5 
0 0 300.0 400.0 4.0 5 
0 0 100.0 150.0 4.0 5 
0 0 350.0 550.0 4.0 5 
2.0 3.0 100.0 10149.0 4.5 5 
0 6 0 19998 4.5 5 
1.0 2.0 0.0 20.0 4.0 5 
2.0 3.0 150.0 200.0 4.0 5 
1.0 2.0 200.0 9999.0 4.0 5 
1.0 2.0 100.0 150.0 4.0 5 
2.0 4.0 100.0 150.0 4.0 5 
1.0 2.0 150.0 200.0 5.0 5 
1 1 100.0 150.0 4.0 5 
0.0 1.0 100.0 150.0 4.0 5 
2 2 100.0 150.0 4.0 5 
2.0 4.0 0.0 20.0 4.0 5 
3.0 4.0 100.0 150.0 4.0 5 
3.0 5.0 200.0 9999.0 5.0 5 
2.0 6.0 50.0 100.0 4.0 5 
1.0 2.0 20.0 50.0 4.0 5 
0 6 1000.0 19998.0 4.0 5 
0 6 500.0 10599.0 4.0 5 
0 6 600.0 10699.0 4.0 5 
0 6 400.0 10499.0 4.5 5 
0 6 300.0 10399.0 4.5 5 
0 6 100.0 10199.0 4.0 5 
0 6 200.0 10299.0 4.5 5 
1.0 2.0 0.0 10019.0 4.0 5 
0 6 200.0 10299.0 4.0 5 
1.0 2.0 100.0 220.0 4.0 5 
1.0 2.0 1000.0 10019.0 4.0 5 
1.0 2.0 400.0 520.0 4.0 5 
1.0 2.0 500.0 620.0 4.0 5 
1.0 2.0 300.0 420.0 4.0 5 
1.0 2.0 300.0 420.0 4.5 5 
1 1 320.0 450.0 4.0 5 
1 1 120.0 250.0 4.0 5 
1 1 1020.0 10049.0 4.0 5 
1 1 420.0 550.0 4.0 5 
1 1 520.0 650.0 4.0 5 
1 1 220.0 350.0 4.5 5 
1 1 420.0 550.0 4.5 5 
1 1 320.0 450.0 4.5 5 
1.0 2.0 150.0 10199.0 4.0 5 
1 1 220.0 350.0 4.0 5 
1.0 2.0 450.0 600.0 4.0 5 
1.0 2.0 250.0 400.0 4.0 5 
1.0 2.0 550.0 700.0 4.0 5 
1.0 2.0 750.0 900.0 4.0 5 
1.0 2.0 550.0 700.0 4.5 5 
1.0 2.0 350.0 500.0 4.5 5 
3.0 4.0 150.0 10199.0 4.0 5 
3.0 4.0 350.0 500.0 4.0 5 
3.0 4.0 650.0 800.0 4.0 5 
3.0 4.0 250.0 400.0 4.0 5 
3.0 4.0 750.0 900.0 4.0 5 
3.0 4.0 550.0 700.0 4.5 5 
3.0 4.0 350.0 500.0 4.5 5 
3.0 4.0 450.0 600.0 4.0 5 
3.0 4.0 1150.0 10199.0 4.0 5 
1.0 2.0 400.0 10299.0 4.0 5 
1.0 2.0 200.0 19998.0 4.0 5 
1.0 2.0 300.0 10199.0 4.0 5 
1.0 2.0 1200.0 19998.0 4.0 5 
1.0 2.0 700.0 10599.0 4.0 5 
1.0 2.0 800.0 10699.0 4.0 5 
1.0 2.0 600.0 10499.0 4.5 5 
1.0 2.0 400.0 10299.0 4.5 5 
1.0 2.0 300.0 450.0 4.0 5 
1.0 2.0 500.0 650.0 4.5 5 
1.0 2.0 150.0 10199.0 4.5 5 
1.0 2.0 650.0 800.0 4.5 5 
1.0 2.0 450.0 600.0 4.5 5 
2.0 4.0 300.0 450.0 4.0 5 
2.0 4.0 1100.0 10149.0 4.0 5 
2.0 4.0 200.0 350.0 4.0 5 
2.0 4.0 500.0 650.0 4.5 5 
2.0 4.0 300.0 450.0 4.5 5 
2.0 3.0 50.0 10099.0 4.0 5 
2.0 3.0 250.0 400.0 4.0 5 
2.0 3.0 550.0 700.0 4.0 5 
2.0 3.0 150.0 300.0 4.0 5 
2.0 3.0 1050.0 10099.0 4.0 5 
1.0 2.0 150.0 300.0 4.0 5 
1.0 2.0 250.0 400.0 4.5 5 
1.0 2.0 600.0 750.0 4.5 5 
1.0 2.0 400.0 550.0 4.5 5 
1.0 2.0 1100.0 10149.0 4.5 5 
1 1 100.0 10149.0 4.0 5 
1 1 600.0 750.0 4.0 5 
1 1 300.0 450.0 4.5 5 
1 1 400.0 550.0 4.0 5 
1 1 1100.0 10149.0 4.0 5 
1 1 450.0 600.0 4.0 5 
1 1 550.0 700.0 4.0 5 
1 1 450.0 600.0 4.5 5 
0.0 1.0 300.0 450.0 4.0 5 
0.0 1.0 400.0 550.0 4.0 5 
0.0 1.0 200.0 350.0 4.0 5 
0.0 1.0 400.0 550.0 4.5 5 
2.0 3.0 20.0 10049.0 4.0 5 
2.0 3.0 120.0 250.0 4.0 5 
2.0 3.0 320.0 450.0 4.0 5 
2.0 3.0 520.0 650.0 4.0 5 
2.0 3.0 620.0 750.0 4.0 5 
2.0 3.0 420.0 550.0 4.5 5 
2.0 3.0 220.0 350.0 4.5 5 
2.0 3.0 320.0 450.0 4.5 5 
2.0 3.0 1020.0 10049.0 4.0 5 
2.0 3.0 220.0 350.0 4.0 5 
2 2 100.0 10149.0 4.0 5 
2 2 300.0 450.0 4.0 5 
2 2 400.0 550.0 4.0 5 
2 2 200.0 350.0 4.0 5 
2 2 1100.0 10149.0 4.0 5 
2 2 500.0 650.0 4.0 5 
2 2 600.0 750.0 4.0 5 
2 2 700.0 850.0 4.0 5 
2 2 500.0 650.0 4.5 5 
2 2 300.0 450.0 4.5 5 
2.0 3.0 500.0 650.0 4.5 5 
2.0 3.0 200.0 350.0 4.5 5 
