0 0 50 150 4.0 5 
1.0 2.0 50.0 100.0 4.0 5 
1 1 50.0 100.0 4.0 5 
1.0 2.0 350.0 500.0 4.0 5 
1 1 350.0 500.0 4.0 5 
1 1 400.0 650.0 4.0 5 
1 1 100.0 250.0 4.0 5 
0 0 300.0 400.0 4.0 5 
0 0 50.0 100.0 4.0 5 
0 0 100.0 150.0 4.0 5 
0 0 350.0 550.0 4.0 5 
2.0 3.0 100.0 150.0 5.0 5 
2.0 3.0 400.0 550.0 4.5 5 
0 0 150.0 500.0 4.0 5 
0 0 100.0 200.0 4.0 5 
1.0 2.0 0.0 20.0 4.0 5 
1.0 2.0 150.0 200.0 4.0 5 
1 1 20.0 50.0 4.0 5 
2.0 3.0 150.0 200.0 4.0 5 
3.0 4.0 150.0 200.0 4.0 5 
2.0 3.0 20.0 50.0 5.0 5 
3.0 4.0 20.0 50.0 4.0 5 
1 1 150.0 200.0 4.0 5 
1.0 2.0 100.0 150.0 4.0 5 
2.0 4.0 100.0 150.0 4.0 5 
1.0 2.0 150.0 200.0 5.0 5 
2.0 4.0 150.0 200.0 4.0 5 
2.0 3.0 50.0 100.0 4.0 5 
1.0 2.0 100.0 150.0 5.0 5 
1 1 100.0 150.0 4.0 5 
0.0 1.0 100.0 150.0 4.0 5 
2.0 3.0 20.0 50.0 4.0 5 
2 2 100.0 150.0 4.0 5 
2.0 4.0 20.0 50.0 4.0 5 
2.0 4.0 0.0 20.0 4.0 5 
3.0 4.0 100.0 150.0 4.0 5 
0.5 0.5 50.0 100.0 4.0 5 
1 1 0.0 20.0 4.0 5 
2.0 6.0 50.0 100.0 4.0 5 
3 3 50.0 100.0 4.0 5 
1.0 2.0 20.0 50.0 4.0 5 
3.0 5.0 150.0 200.0 4.0 5 
1.0 2.0 200.0 320.0 4.0 5 
1.0 2.0 300.0 420.0 4.0 5 
1.0 2.0 100.0 220.0 4.0 5 
1.0 2.0 400.0 520.0 4.0 5 
1.0 2.0 500.0 620.0 4.0 5 
1.0 2.0 600.0 720.0 4.0 5 
1.0 2.0 400.0 520.0 4.5 5 
1.0 2.0 200.0 320.0 4.5 5 
1.0 2.0 300.0 420.0 4.5 5 
1 1 220.0 350.0 4.0 5 
1 1 320.0 450.0 4.0 5 
1 1 120.0 250.0 4.0 5 
1 1 420.0 550.0 4.0 5 
1 1 520.0 650.0 4.0 5 
1 1 620.0 750.0 4.0 5 
1 1 220.0 350.0 4.5 5 
1 1 420.0 550.0 4.5 5 
1 1 320.0 450.0 4.5 5 
1.0 2.0 450.0 600.0 4.0 5 
1.0 2.0 250.0 400.0 4.0 5 
1.0 2.0 550.0 700.0 4.0 5 
1.0 2.0 650.0 800.0 4.0 5 
1.0 2.0 750.0 900.0 4.0 5 
1.0 2.0 550.0 700.0 4.5 5 
1.0 2.0 350.0 500.0 4.5 5 
1.0 2.0 450.0 600.0 4.5 5 
3.0 4.0 350.0 500.0 4.0 5 
3.0 4.0 450.0 600.0 4.0 5 
3.0 4.0 250.0 400.0 4.0 5 
3.0 4.0 550.0 700.0 4.0 5 
3.0 4.0 650.0 800.0 4.0 5 
3.0 4.0 750.0 900.0 4.0 5 
3.0 4.0 550.0 700.0 4.5 5 
3.0 4.0 350.0 500.0 4.5 5 
3.0 4.0 450.0 600.0 4.5 5 
1.0 2.0 400.0 550.0 4.0 5 
1.0 2.0 300.0 450.0 4.0 5 
1.0 2.0 200.0 350.0 4.0 5 
1.0 2.0 600.0 750.0 4.0 5 
1.0 2.0 500.0 650.0 4.0 5 
1.0 2.0 700.0 850.0 4.0 5 
1.0 2.0 500.0 650.0 4.5 5 
1.0 2.0 300.0 450.0 4.5 5 
1.0 2.0 400.0 550.0 4.5 5 
1.0 2.0 250.0 400.0 4.5 5 
1.0 2.0 650.0 800.0 4.5 5 
1.0 2.0 750.0 900.0 4.5 5 
2.0 4.0 300.0 450.0 4.0 5 
2.0 4.0 200.0 350.0 4.0 5 
2.0 4.0 400.0 550.0 4.0 5 
2.0 4.0 500.0 650.0 4.0 5 
2.0 4.0 600.0 750.0 4.0 5 
2.0 4.0 500.0 650.0 4.5 5 
2.0 4.0 700.0 850.0 4.0 5 
2.0 4.0 300.0 450.0 4.5 5 
2.0 4.0 400.0 550.0 4.5 5 
2.0 3.0 250.0 400.0 4.0 5 
2.0 3.0 150.0 300.0 4.0 5 
2.0 3.0 350.0 500.0 4.0 5 
2.0 3.0 450.0 600.0 4.0 5 
2.0 3.0 550.0 700.0 4.0 5 
2.0 3.0 650.0 800.0 4.0 5 
2.0 3.0 450.0 600.0 4.5 5 
2.0 3.0 350.0 500.0 4.5 5 
2.0 3.0 250.0 400.0 4.5 5 
1.0 2.0 150.0 300.0 4.0 5 
1.0 2.0 200.0 350.0 4.5 5 
1.0 2.0 600.0 750.0 4.5 5 
1.0 2.0 700.0 850.0 4.5 5 
1 1 300.0 450.0 4.0 5 
1 1 400.0 550.0 4.0 5 
1 1 200.0 350.0 4.0 5 
1 1 500.0 650.0 4.0 5 
1 1 600.0 750.0 4.0 5 
1 1 700.0 850.0 4.0 5 
1 1 500.0 650.0 4.5 5 
1 1 300.0 450.0 4.5 5 
1 1 400.0 550.0 4.5 5 
1 1 250.0 400.0 4.0 5 
1 1 450.0 600.0 4.0 5 
1 1 150.0 300.0 4.0 5 
1 1 550.0 700.0 4.0 5 
1 1 650.0 800.0 4.0 5 
1 1 250.0 400.0 4.5 5 
1 1 450.0 600.0 4.5 5 
1 1 350.0 500.0 4.5 5 
0.0 1.0 300.0 450.0 4.0 5 
0.0 1.0 400.0 550.0 4.0 5 
0.0 1.0 500.0 650.0 4.0 5 
0.0 1.0 200.0 350.0 4.0 5 
0.0 1.0 600.0 750.0 4.0 5 
0.0 1.0 700.0 850.0 4.0 5 
0.0 1.0 500.0 650.0 4.5 5 
0.0 1.0 400.0 550.0 4.5 5 
0.0 1.0 300.0 450.0 4.5 5 
2.0 3.0 120.0 250.0 4.0 5 
2.0 3.0 320.0 450.0 4.0 5 
2.0 3.0 220.0 350.0 4.0 5 
2.0 3.0 420.0 550.0 4.0 5 
2.0 3.0 520.0 650.0 4.0 5 
2.0 3.0 620.0 750.0 4.0 5 
2.0 3.0 420.0 550.0 4.5 5 
2.0 3.0 220.0 350.0 4.5 5 
2.0 3.0 320.0 450.0 4.5 5 
2 2 300.0 450.0 4.0 5 
2 2 400.0 550.0 4.0 5 
2 2 200.0 350.0 4.0 5 
2 2 500.0 650.0 4.0 5 
2 2 600.0 750.0 4.0 5 
2 2 700.0 850.0 4.0 5 
2 2 500.0 650.0 4.5 5 
2 2 300.0 450.0 4.5 5 
2 2 400.0 550.0 4.5 5 
2.0 3.0 300.0 450.0 4.5 5 
2.0 3.0 500.0 650.0 4.5 5 
2.0 3.0 200.0 350.0 4.5 5 
2.0 3.0 600.0 750.0 4.5 5 
2.0 3.0 700.0 850.0 4.5 5 
2.0 4.0 350.0 500.0 4.0 5 
2.0 4.0 450.0 600.0 4.0 5 
2.0 4.0 250.0 400.0 4.0 5 
2.0 4.0 550.0 700.0 4.0 5 
2.0 4.0 650.0 800.0 4.0 5 
2.0 4.0 750.0 900.0 4.0 5 
2.0 4.0 350.0 500.0 4.5 5 
2.0 4.0 550.0 700.0 4.5 5 
2.0 4.0 450.0 600.0 4.5 5 
1 1 750.0 900.0 4.0 5 
1 1 550.0 700.0 4.5 5 
2.0 4.0 220.0 350.0 4.0 5 
2.0 4.0 120.0 250.0 4.0 5 
2.0 4.0 320.0 450.0 4.0 5 
2.0 4.0 520.0 650.0 4.0 5 
2.0 4.0 420.0 550.0 4.0 5 
2.0 4.0 420.0 550.0 4.5 5 
2.0 4.0 620.0 750.0 4.0 5 
2.0 4.0 220.0 350.0 4.5 5 
2.0 4.0 320.0 450.0 4.5 5 
2.0 4.0 200.0 320.0 4.0 5 
2.0 4.0 300.0 420.0 4.0 5 
2.0 4.0 100.0 220.0 4.0 5 
2.0 4.0 400.0 520.0 4.0 5 
2.0 4.0 500.0 620.0 4.0 5 
2.0 4.0 600.0 720.0 4.0 5 
2.0 4.0 400.0 520.0 4.5 5 
2.0 4.0 200.0 320.0 4.5 5 
2.0 4.0 300.0 420.0 4.5 5 
3.0 4.0 300.0 450.0 4.0 5 
3.0 4.0 400.0 550.0 4.0 5 
3.0 4.0 200.0 350.0 4.0 5 
3.0 4.0 500.0 650.0 4.0 5 
3.0 4.0 600.0 750.0 4.0 5 
3.0 4.0 700.0 850.0 4.0 5 
3.0 4.0 300.0 450.0 4.5 5 
3.0 4.0 500.0 650.0 4.5 5 
3.0 4.0 400.0 550.0 4.5 5 
0.5 0.5 250.0 400.0 4.0 5 
0.5 0.5 350.0 500.0 4.0 5 
0.5 0.5 150.0 300.0 4.0 5 
0.5 0.5 550.0 700.0 4.0 5 
0.5 0.5 450.0 600.0 4.0 5 
0.5 0.5 650.0 800.0 4.0 5 
0.5 0.5 450.0 600.0 4.5 5 
0.5 0.5 250.0 400.0 4.5 5 
0.5 0.5 350.0 500.0 4.5 5 
3.0 4.0 220.0 350.0 4.0 5 
3.0 4.0 320.0 450.0 4.0 5 
3.0 4.0 120.0 250.0 4.0 5 
3.0 4.0 420.0 550.0 4.0 5 
3.0 4.0 520.0 650.0 4.0 5 
3.0 4.0 420.0 550.0 4.5 5 
3.0 4.0 620.0 750.0 4.0 5 
3.0 4.0 220.0 350.0 4.5 5 
3.0 4.0 320.0 450.0 4.5 5 
3 3 350.0 500.0 4.0 5 
3 3 150.0 300.0 4.0 5 
3 3 250.0 400.0 4.0 5 
3 3 450.0 600.0 4.0 5 
3 3 550.0 700.0 4.0 5 
3 3 650.0 800.0 4.0 5 
3 3 450.0 600.0 4.5 5 
3 3 250.0 400.0 4.5 5 
3 3 350.0 500.0 4.5 5 
2.0 6.0 250.0 400.0 4.0 5 
2.0 6.0 350.0 500.0 4.0 5 
2.0 6.0 150.0 300.0 4.0 5 
2.0 6.0 450.0 600.0 4.0 5 
2.0 6.0 550.0 700.0 4.0 5 
2.0 6.0 650.0 800.0 4.0 5 
2.0 6.0 450.0 600.0 4.5 5 
2.0 6.0 250.0 400.0 4.5 5 
2.0 6.0 350.0 500.0 4.5 5 
1.0 2.0 220.0 350.0 4.0 5 
1.0 2.0 320.0 450.0 4.0 5 
1.0 2.0 120.0 250.0 4.0 5 
1.0 2.0 420.0 550.0 4.0 5 
1.0 2.0 520.0 650.0 4.0 5 
1.0 2.0 620.0 750.0 4.0 5 
1.0 2.0 420.0 550.0 4.5 5 
1.0 2.0 220.0 350.0 4.5 5 
1.0 2.0 320.0 450.0 4.5 5 
3.0 5.0 350.0 500.0 4.0 5 
3.0 5.0 250.0 400.0 4.0 5 
3.0 5.0 450.0 600.0 4.0 5 
3.0 5.0 550.0 700.0 4.0 5 
3.0 5.0 650.0 800.0 4.0 5 
3.0 5.0 750.0 900.0 4.0 5 
3.0 5.0 550.0 700.0 4.5 5 
3.0 5.0 350.0 500.0 4.5 5 
3.0 5.0 450.0 600.0 4.5 5 
1 1 200.0 320.0 4.0 5 
1 1 100.0 220.0 4.0 5 
1 1 300.0 420.0 4.0 5 
1 1 400.0 520.0 4.0 5 
1 1 500.0 620.0 4.0 5 
1 1 600.0 720.0 4.0 5 
1 1 200.0 320.0 4.5 5 
1 1 400.0 520.0 4.5 5 
1 1 300.0 420.0 4.5 5 
0 0 100.0 150.0 5.0 5 
0 0 50.0 100.0 5.0 5 
0 6 150.0 200.0 4.0 5 
0 0 700.0 800.0 4.0 5 
1.0 2.0 250.0 470.0 4.0 5 
1.0 2.0 350.0 570.0 4.0 5 
1.0 2.0 150.0 370.0 4.0 5 
1.0 2.0 450.0 670.0 4.0 5 
1.0 2.0 550.0 770.0 4.0 5 
1.0 2.0 650.0 870.0 4.0 5 
1.0 2.0 250.0 470.0 4.333333333333333 5 
1.0 2.0 450.0 670.0 4.333333333333333 5 
1.0 2.0 350.0 570.0 4.333333333333333 5 
1 1 270.0 500.0 4.0 5 
1 1 370.0 600.0 4.0 5 
1 1 170.0 400.0 4.0 5 
1 1 470.0 700.0 4.0 5 
1 1 570.0 800.0 4.0 5 
1 1 670.0 900.0 4.0 5 
1 1 470.0 700.0 4.333333333333333 5 
1 1 270.0 500.0 4.333333333333333 5 
1 1 370.0 600.0 4.333333333333333 5 
1.0 2.0 400.0 650.0 4.0 5 
1.0 2.0 500.0 750.0 4.0 5 
1.0 2.0 300.0 550.0 4.0 5 
1.0 2.0 600.0 850.0 4.0 5 
1.0 2.0 700.0 950.0 4.0 5 
1.0 2.0 800.0 1050.0 4.0 5 
1.0 2.0 600.0 850.0 4.333333333333333 5 
1.0 2.0 400.0 650.0 4.333333333333333 5 
1.0 2.0 500.0 750.0 4.333333333333333 5 
3.0 4.0 400.0 650.0 4.0 5 
3.0 4.0 500.0 750.0 4.0 5 
3.0 4.0 300.0 550.0 4.0 5 
3.0 4.0 600.0 850.0 4.0 5 
3.0 4.0 700.0 950.0 4.0 5 
3.0 4.0 800.0 1050.0 4.0 5 
3.0 4.0 600.0 850.0 4.333333333333333 5 
3.0 4.0 400.0 650.0 4.333333333333333 5 
3.0 4.0 500.0 750.0 4.333333333333333 5 
1.0 2.0 350.0 600.0 4.0 5 
1.0 2.0 450.0 700.0 4.0 5 
1.0 2.0 250.0 500.0 4.0 5 
1.0 2.0 550.0 800.0 4.0 5 
1.0 2.0 650.0 900.0 4.0 5 
1.0 2.0 750.0 1000.0 4.0 5 
1.0 2.0 550.0 800.0 4.333333333333333 5 
1.0 2.0 450.0 700.0 4.333333333333333 5 
1.0 2.0 350.0 600.0 4.333333333333333 5 
1.0 2.0 300.0 550.0 4.333333333333333 5 
1.0 2.0 700.0 950.0 4.333333333333333 5 
1.0 2.0 800.0 1050.0 4.333333333333333 5 
2.0 4.0 350.0 600.0 4.0 5 
2.0 4.0 450.0 700.0 4.0 5 
2.0 4.0 550.0 800.0 4.0 5 
2.0 4.0 250.0 500.0 4.0 5 
2.0 4.0 650.0 900.0 4.0 5 
2.0 4.0 750.0 1000.0 4.0 5 
2.0 4.0 550.0 800.0 4.333333333333333 5 
2.0 4.0 350.0 600.0 4.333333333333333 5 
2.0 4.0 450.0 700.0 4.333333333333333 5 
2.0 3.0 300.0 550.0 4.0 5 
2.0 3.0 400.0 650.0 4.0 5 
2.0 3.0 200.0 450.0 4.0 5 
2.0 3.0 500.0 750.0 4.0 5 
2.0 3.0 600.0 850.0 4.0 5 
2.0 3.0 700.0 950.0 4.0 5 
2.0 3.0 500.0 750.0 4.333333333333333 5 
2.0 3.0 400.0 650.0 4.333333333333333 5 
2.0 3.0 300.0 550.0 4.333333333333333 5 
1.0 2.0 200.0 450.0 4.0 5 
1 1 350.0 600.0 4.0 5 
1 1 450.0 700.0 4.0 5 
1 1 250.0 500.0 4.0 5 
1 1 650.0 900.0 4.0 5 
1 1 550.0 800.0 4.0 5 
1 1 750.0 1000.0 4.0 5 
1 1 550.0 800.0 4.333333333333333 5 
1 1 450.0 700.0 4.333333333333333 5 
1 1 350.0 600.0 4.333333333333333 5 
1 1 300.0 550.0 4.0 5 
1 1 200.0 450.0 4.0 5 
1 1 500.0 750.0 4.0 5 
1 1 600.0 850.0 4.0 5 
1 1 500.0 750.0 4.333333333333333 5 
1 1 700.0 950.0 4.0 5 
1 1 300.0 550.0 4.333333333333333 5 
1 1 400.0 650.0 4.333333333333333 5 
2.0 3.0 270.0 500.0 4.0 5 
2.0 3.0 170.0 400.0 4.0 5 
2.0 3.0 370.0 600.0 4.0 5 
2.0 3.0 470.0 700.0 4.0 5 
2.0 3.0 570.0 800.0 4.0 5 
2.0 3.0 670.0 900.0 4.0 5 
2.0 3.0 470.0 700.0 4.333333333333333 5 
2.0 3.0 270.0 500.0 4.333333333333333 5 
2.0 3.0 370.0 600.0 4.333333333333333 5 
2 2 350.0 600.0 4.0 5 
2 2 450.0 700.0 4.0 5 
2 2 550.0 800.0 4.0 5 
2 2 250.0 500.0 4.0 5 
2 2 650.0 900.0 4.0 5 
2 2 750.0 1000.0 4.0 5 
2 2 550.0 800.0 4.333333333333333 5 
2 2 350.0 600.0 4.333333333333333 5 
2 2 450.0 700.0 4.333333333333333 5 
2.0 4.0 500.0 750.0 4.0 5 
2.0 4.0 400.0 650.0 4.0 5 
2.0 4.0 300.0 550.0 4.0 5 
2.0 4.0 600.0 850.0 4.0 5 
2.0 4.0 700.0 950.0 4.0 5 
2.0 4.0 800.0 1050.0 4.0 5 
2.0 4.0 600.0 850.0 4.333333333333333 5 
2.0 4.0 400.0 650.0 4.333333333333333 5 
2.0 4.0 500.0 750.0 4.333333333333333 5 
1 1 800.0 1050.0 4.0 5 
1 1 600.0 850.0 4.333333333333333 5 
2.0 4.0 370.0 600.0 4.0 5 
2.0 4.0 270.0 500.0 4.0 5 
2.0 4.0 170.0 400.0 4.0 5 
2.0 4.0 470.0 700.0 4.0 5 
2.0 4.0 570.0 800.0 4.0 5 
2.0 4.0 670.0 900.0 4.0 5 
2.0 4.0 470.0 700.0 4.333333333333333 5 
2.0 4.0 270.0 500.0 4.333333333333333 5 
2.0 4.0 370.0 600.0 4.333333333333333 5 
2.0 4.0 250.0 470.0 4.0 5 
2.0 4.0 350.0 570.0 4.0 5 
2.0 4.0 150.0 370.0 4.0 5 
2.0 4.0 450.0 670.0 4.0 5 
2.0 4.0 550.0 770.0 4.0 5 
2.0 4.0 650.0 870.0 4.0 5 
2.0 4.0 450.0 670.0 4.333333333333333 5 
2.0 4.0 250.0 470.0 4.333333333333333 5 
2.0 4.0 350.0 570.0 4.333333333333333 5 
3.0 4.0 350.0 600.0 4.0 5 
3.0 4.0 450.0 700.0 4.0 5 
3.0 4.0 550.0 800.0 4.0 5 
3.0 4.0 250.0 500.0 4.0 5 
3.0 4.0 650.0 900.0 4.0 5 
3.0 4.0 750.0 1000.0 4.0 5 
3.0 4.0 550.0 800.0 4.333333333333333 5 
3.0 4.0 350.0 600.0 4.333333333333333 5 
3.0 4.0 450.0 700.0 4.333333333333333 5 
0.5 0.5 300.0 550.0 4.0 5 
0.5 0.5 400.0 650.0 4.0 5 
0.5 0.5 200.0 450.0 4.0 5 
0.5 0.5 500.0 750.0 4.0 5 
0.5 0.5 600.0 850.0 4.0 5 
0.5 0.5 700.0 950.0 4.0 5 
0.5 0.5 500.0 750.0 4.333333333333333 5 
0.5 0.5 300.0 550.0 4.333333333333333 5 
0.5 0.5 400.0 650.0 4.333333333333333 5 
3.0 4.0 270.0 500.0 4.0 5 
3.0 4.0 370.0 600.0 4.0 5 
3.0 4.0 170.0 400.0 4.0 5 
3.0 4.0 470.0 700.0 4.0 5 
3.0 4.0 570.0 800.0 4.0 5 
3.0 4.0 670.0 900.0 4.0 5 
3.0 4.0 470.0 700.0 4.333333333333333 5 
3.0 4.0 270.0 500.0 4.333333333333333 5 
3.0 4.0 370.0 600.0 4.333333333333333 5 
3 3 300.0 550.0 4.0 5 
3 3 400.0 650.0 4.0 5 
3 3 200.0 450.0 4.0 5 
3 3 500.0 750.0 4.0 5 
3 3 600.0 850.0 4.0 5 
3 3 700.0 950.0 4.0 5 
3 3 500.0 750.0 4.333333333333333 5 
3 3 300.0 550.0 4.333333333333333 5 
3 3 400.0 650.0 4.333333333333333 5 
2.0 6.0 300.0 550.0 4.0 5 
2.0 6.0 400.0 650.0 4.0 5 
2.0 6.0 200.0 450.0 4.0 5 
2.0 6.0 500.0 750.0 4.0 5 
2.0 6.0 600.0 850.0 4.0 5 
2.0 6.0 700.0 950.0 4.0 5 
2.0 6.0 500.0 750.0 4.333333333333333 5 
2.0 6.0 300.0 550.0 4.333333333333333 5 
2.0 6.0 400.0 650.0 4.333333333333333 5 
1.0 2.0 270.0 500.0 4.0 5 
1.0 2.0 370.0 600.0 4.0 5 
1.0 2.0 170.0 400.0 4.0 5 
1.0 2.0 470.0 700.0 4.0 5 
1.0 2.0 570.0 800.0 4.0 5 
1.0 2.0 670.0 900.0 4.0 5 
1.0 2.0 470.0 700.0 4.333333333333333 5 
1.0 2.0 270.0 500.0 4.333333333333333 5 
1.0 2.0 370.0 600.0 4.333333333333333 5 
3.0 5.0 400.0 650.0 4.0 5 
3.0 5.0 500.0 750.0 4.0 5 
3.0 5.0 300.0 550.0 4.0 5 
3.0 5.0 600.0 850.0 4.0 5 
3.0 5.0 700.0 950.0 4.0 5 
3.0 5.0 800.0 1050.0 4.0 5 
3.0 5.0 600.0 850.0 4.333333333333333 5 
3.0 5.0 400.0 650.0 4.333333333333333 5 
3.0 5.0 500.0 750.0 4.333333333333333 5 
1 1 250.0 470.0 4.0 5 
1 1 150.0 370.0 4.0 5 
1 1 350.0 570.0 4.0 5 
1 1 450.0 670.0 4.0 5 
1 1 550.0 770.0 4.0 5 
1 1 450.0 670.0 4.333333333333333 5 
1 1 650.0 870.0 4.0 5 
1 1 250.0 470.0 4.333333333333333 5 
1 1 350.0 570.0 4.333333333333333 5 
1 1 70.0 200.0 4.0 5 
1.0 2.0 50.0 170.0 4.0 5 
2.0 4.0 150.0 300.0 4.0 5 
2.0 3.0 100.0 250.0 4.0 5 
1.0 2.0 100.0 250.0 4.0 5 
2 2 150.0 300.0 4.0 5 
2.0 3.0 70.0 200.0 4.0 5 
2.0 4.0 50.0 170.0 4.0 5 
2.0 4.0 70.0 200.0 4.0 5 
3.0 4.0 150.0 300.0 4.0 5 
0.5 0.5 100.0 250.0 4.0 5 
3 3 100.0 250.0 4.0 5 
2.0 6.0 100.0 250.0 4.0 5 
3.0 4.0 70.0 200.0 4.0 5 
1 1 50.0 170.0 4.0 5 
1.0 2.0 70.0 200.0 4.0 5 
3.0 5.0 200.0 350.0 4.0 5 
0 0 200.0 300.0 4.0 5 
0 0 400.0 500.0 4.0 5 
0 0 500.0 600.0 4.0 5 
0 0 600.0 700.0 4.0 5 
0 0 400.0 500.0 5.0 5 
0 0 200.0 300.0 5.0 5 
0 0 300.0 400.0 5.0 5 
0 0 100.0 200.0 5.0 5 
0 0 250.0 450.0 4.0 5 
0 0 750.0 900.0 4.0 5 
0 0 350.0 500.0 4.0 5 
0 0 400.0 550.0 4.0 5 
0 0 150.0 350.0 4.0 5 
0 0 450.0 650.0 4.0 5 
0 0 550.0 750.0 4.0 5 
0 0 650.0 850.0 4.0 5 
0 0 450.0 650.0 4.5 5 
0 0 250.0 450.0 4.5 5 
0 0 350.0 550.0 4.5 5 
