52
[]



203
[[0.0, 1.0, 2.0], [13.0, 4.0, 9999.0], [17.0, 0.0, 20.0]]
204
[[0.0, 1.0, 2.0], [13.0, 4.0, 9999.0], [18.0, 150.0, 200.0]]
205
[[1.0, 1.0, 1.0], [13.0, 4.0, 9999.0], [19.0, 20.0, 50.0]]
206
[[3.0, 2.0, 3.0], [13.0, 4.0, 9999.0], [18.0, 150.0, 200.0]]
207
[[4.0, 3.0, 4.0], [13.0, 4.0, 9999.0], [18.0, 150.0, 200.0]]
209
[[4.0, 3.0, 4.0], [13.0, 4.0, 9999.0], [19.0, 20.0, 50.0]]
210
[[1.0, 1.0, 1.0], [13.0, 4.0, 9999.0], [18.0, 150.0, 200.0]]
211
[[0.0, 1.0, 2.0], [13.0, 4.0, 9999.0], [20.0, 200.0, 9999.0]]
212
[[0.0, 1.0, 2.0], [13.0, 4.0, 9999.0], [21.0, 100.0, 150.0]]
213
[[2.0, 2.0, 4.0], [13.0, 4.0, 9999.0], [21.0, 100.0, 150.0]]
215
[[2.0, 2.0, 4.0], [13.0, 4.0, 9999.0], [18.0, 150.0, 200.0]]
216
[[3.0, 2.0, 3.0], [13.0, 4.0, 9999.0], [15.0, 50.0, 100.0]]
217
[[0.0, 1.0, 2.0], [13.0, 4.0, 9999.0], [15.0, 50.0, 100.0]]
219
[[1.0, 1.0, 1.0], [13.0, 4.0, 9999.0], [15.0, 50.0, 100.0]]
220
[[1.0, 1.0, 1.0], [13.0, 4.0, 9999.0], [21.0, 100.0, 150.0]]
221
[[5.0, 0.0, 1.0], [13.0, 4.0, 9999.0], [21.0, 100.0, 150.0]]
222
[[3.0, 2.0, 3.0], [13.0, 4.0, 9999.0], [19.0, 20.0, 50.0]]
223
[[6.0, 2.0, 2.0], [13.0, 4.0, 9999.0], [21.0, 100.0, 150.0]]
225
[[6.0, 2.0, 2.0], [13.0, 4.0, 9999.0], [20.0, 200.0, 9999.0]]
226
[[7.0, 1.0, 3.0], [13.0, 4.0, 9999.0], [16.0, 0.0, 9999.0]]
227
[[2.0, 2.0, 4.0], [13.0, 4.0, 9999.0], [19.0, 20.0, 50.0]]
228
[[2.0, 2.0, 4.0], [13.0, 4.0, 9999.0], [17.0, 0.0, 20.0]]
230
[[4.0, 3.0, 4.0], [13.0, 4.0, 9999.0], [21.0, 100.0, 150.0]]
231
[[8.0, 0.5, 0.5], [13.0, 4.0, 9999.0], [15.0, 50.0, 100.0]]
233
[[10.0, 3.0, 6.0], [13.0, 4.0, 9999.0], [20.0, 200.0, 9999.0]]
234
[[1.0, 1.0, 1.0], [13.0, 4.0, 9999.0], [17.0, 0.0, 20.0]]
235
[[11.0, 2.0, 6.0], [13.0, 4.0, 9999.0], [15.0, 50.0, 100.0]]
236
[[12.0, 3.0, 3.0], [13.0, 4.0, 9999.0], [15.0, 50.0, 100.0]]
237
[[0.0, 1.0, 2.0], [13.0, 4.0, 9999.0], [19.0, 20.0, 50.0]]
238
[[9.0, 3.0, 5.0], [13.0, 4.0, 9999.0], [18.0, 150.0, 200.0]]
936
[[6.0, 2.0, 2.0], [13.0, 4.0, 9999.0]]
979
[[13.0, 4.0, 9999.0]]
1008
[[13.0, 4.0, 9999.0], [18.0, 150.0, 200.0]]



208
[[3.0, 2.0, 3.0], [14.0, 5.0, 5.0], [19.0, 20.0, 50.0]]
214
[[0.0, 1.0, 2.0], [14.0, 5.0, 5.0], [18.0, 150.0, 200.0]]
218
[[0.0, 1.0, 2.0], [14.0, 5.0, 5.0], [21.0, 100.0, 150.0]]
224
[[3.0, 2.0, 3.0], [14.0, 5.0, 5.0], [21.0, 100.0, 150.0]]
229
[[2.0, 2.0, 4.0], [14.0, 5.0, 5.0], [16.0, 0.0, 9999.0]]
232
[[9.0, 3.0, 5.0], [14.0, 5.0, 5.0], [20.0, 200.0, 9999.0]]



60
[[0.0, 1.0, 2.0], [13.0, 4.0, 9999.0], [15.0, 50.0, 100.0]]
61
[[1.0, 1.0, 1.0], [13.0, 4.0, 9999.0], [15.0, 50.0, 100.0]]
62
[[2.0, 2.0, 4.0], [14.0, 5.0, 5.0], [16.0, 0.0, 9999.0]]
63
[]
