55
[]
127
[]
136
[]
939
[]
944
[]
945
[]
949
[]
951
[]
963
[]
969
[]
972
[]
975
[]
983
[]
986
[]
989
[]
995
[]
999
[]
1003
[]
1007
[]
1010
[]
1017
[]
1018
[]
1019
[]
1020
[]
1021
[]
1022
[]
1023
[]
1024
[]
1025
[]
1026
[]
1027
[]
1028
[]
1029
[]
1030
[]
1031
[]
1032
[]
1033
[]
1034
[]
1035
[]
1036
[]
1037
[]
1038
[]
1039
[]
1040
[]
1041
[]
1042
[]
1043
[]
1044
[]
1045
[]
1047
[]



964
[[3.0, 3.0, 4.0], [12.0, 4.0, 9999.0], [16.0, 150.0, 200.0]]
976
[[4.0, 2.0, 2.0], [12.0, 4.0, 9999.0]]
996
[[0.0, 1.0, 1.0], [12.0, 4.0, 9999.0], [17.0, 20.0, 50.0]]
997
[[1.0, 2.0, 4.0], [12.0, 4.0, 9999.0], [18.0, 100.0, 150.0]]
1046
[[2.0, 1.0, 2.0], [12.0, 4.0, 9999.0], [19.0, 0.0, 20.0]]
1048
[[2.0, 1.0, 2.0], [12.0, 4.0, 9999.0], [19.0, 0.0, 20.0]]
1049
[[2.0, 1.0, 2.0], [12.0, 4.0, 9999.0], [19.0, 0.0, 20.0]]
1050
[[2.0, 1.0, 2.0], [12.0, 4.0, 9999.0], [19.0, 0.0, 20.0]]
1051
[[2.0, 1.0, 2.0], [12.0, 4.0, 9999.0], [19.0, 0.0, 20.0]]
1052
[[2.0, 1.0, 2.0], [12.0, 4.0, 9999.0], [19.0, 0.0, 20.0]]
1053
[[2.0, 1.0, 2.0], [12.0, 4.0, 9999.0], [19.0, 0.0, 20.0]]
1054
[[2.0, 1.0, 2.0], [12.0, 4.0, 9999.0], [19.0, 0.0, 20.0]]
1055
[[2.0, 1.0, 2.0], [12.0, 4.0, 9999.0], [19.0, 0.0, 20.0]]
1056
[[2.0, 1.0, 2.0], [12.0, 4.0, 9999.0], [19.0, 0.0, 20.0]]
1057
[[2.0, 1.0, 2.0], [12.0, 4.0, 9999.0], [19.0, 0.0, 20.0]]
1058
[[2.0, 1.0, 2.0], [12.0, 4.0, 9999.0], [19.0, 0.0, 20.0]]
1059
[[2.0, 1.0, 2.0], [12.0, 4.0, 9999.0], [19.0, 0.0, 20.0]]
1060
[[2.0, 1.0, 2.0], [12.0, 4.0, 9999.0], [19.0, 0.0, 20.0]]
1061
[[2.0, 1.0, 2.0], [12.0, 4.0, 9999.0], [19.0, 0.0, 20.0]]
1062
[[2.0, 1.0, 2.0], [12.0, 4.0, 9999.0], [19.0, 0.0, 20.0]]
1063
[[2.0, 1.0, 2.0], [12.0, 4.0, 9999.0], [19.0, 0.0, 20.0]]
1064
[[2.0, 1.0, 2.0], [12.0, 4.0, 9999.0], [19.0, 0.0, 20.0]]
1065
[[2.0, 1.0, 2.0], [12.0, 4.0, 9999.0], [19.0, 0.0, 20.0]]
1066
[[2.0, 1.0, 2.0], [12.0, 4.0, 9999.0], [19.0, 0.0, 20.0]]
1067
[[0.0, 1.0, 1.0], [12.0, 4.0, 9999.0], [17.0, 20.0, 50.0]]
1068
[[0.0, 1.0, 1.0], [12.0, 4.0, 9999.0], [17.0, 20.0, 50.0]]
1069
[[0.0, 1.0, 1.0], [12.0, 4.0, 9999.0], [17.0, 20.0, 50.0]]
1070
[[0.0, 1.0, 1.0], [12.0, 4.0, 9999.0], [17.0, 20.0, 50.0]]
1071
[[0.0, 1.0, 1.0], [12.0, 4.0, 9999.0], [17.0, 20.0, 50.0]]
1072
[[0.0, 1.0, 1.0], [12.0, 4.0, 9999.0], [17.0, 20.0, 50.0]]
1073
[[0.0, 1.0, 1.0], [12.0, 4.0, 9999.0], [17.0, 20.0, 50.0]]
1074
[[0.0, 1.0, 1.0], [12.0, 4.0, 9999.0], [17.0, 20.0, 50.0]]
1075
[[0.0, 1.0, 1.0], [12.0, 4.0, 9999.0], [17.0, 20.0, 50.0]]
1076
[[0.0, 1.0, 1.0], [12.0, 4.0, 9999.0], [17.0, 20.0, 50.0]]
1077
[[0.0, 1.0, 1.0], [12.0, 4.0, 9999.0], [17.0, 20.0, 50.0]]
1078
[[0.0, 1.0, 1.0], [12.0, 4.0, 9999.0], [17.0, 20.0, 50.0]]
1079
[[0.0, 1.0, 1.0], [12.0, 4.0, 9999.0], [17.0, 20.0, 50.0]]
1080
[[0.0, 1.0, 1.0], [12.0, 4.0, 9999.0], [17.0, 20.0, 50.0]]
1081
[[0.0, 1.0, 1.0], [12.0, 4.0, 9999.0], [17.0, 20.0, 50.0]]
1082
[[0.0, 1.0, 1.0], [12.0, 4.0, 9999.0], [17.0, 20.0, 50.0]]
1083
[[0.0, 1.0, 1.0], [12.0, 4.0, 9999.0], [17.0, 20.0, 50.0]]
1084
[[0.0, 1.0, 1.0], [12.0, 4.0, 9999.0], [17.0, 20.0, 50.0]]
1085
[[0.0, 1.0, 1.0], [12.0, 4.0, 9999.0], [17.0, 20.0, 50.0]]
1086
[[0.0, 1.0, 1.0], [12.0, 4.0, 9999.0], [17.0, 20.0, 50.0]]
1087
[[2.0, 1.0, 2.0], [12.0, 4.0, 9999.0], [16.0, 150.0, 200.0]]
1088
[[2.0, 1.0, 2.0], [12.0, 4.0, 9999.0], [16.0, 150.0, 200.0]]
1089
[[2.0, 1.0, 2.0], [12.0, 4.0, 9999.0], [16.0, 150.0, 200.0]]
1090
[[2.0, 1.0, 2.0], [12.0, 4.0, 9999.0], [16.0, 150.0, 200.0]]
1091
[[2.0, 1.0, 2.0], [12.0, 4.0, 9999.0], [16.0, 150.0, 200.0]]
1092
[[2.0, 1.0, 2.0], [12.0, 4.0, 9999.0], [16.0, 150.0, 200.0]]
1093
[[2.0, 1.0, 2.0], [12.0, 4.0, 9999.0], [16.0, 150.0, 200.0]]
1094
[[2.0, 1.0, 2.0], [12.0, 4.0, 9999.0], [16.0, 150.0, 200.0]]
1095
[[2.0, 1.0, 2.0], [12.0, 4.0, 9999.0], [16.0, 150.0, 200.0]]
1096
[[2.0, 1.0, 2.0], [12.0, 4.0, 9999.0], [16.0, 150.0, 200.0]]
1097
[[2.0, 1.0, 2.0], [12.0, 4.0, 9999.0], [16.0, 150.0, 200.0]]
1098
[[2.0, 1.0, 2.0], [12.0, 4.0, 9999.0], [16.0, 150.0, 200.0]]
1099
[[2.0, 1.0, 2.0], [12.0, 4.0, 9999.0], [16.0, 150.0, 200.0]]
1100
[[2.0, 1.0, 2.0], [12.0, 4.0, 9999.0], [16.0, 150.0, 200.0]]
1101
[[2.0, 1.0, 2.0], [12.0, 4.0, 9999.0], [16.0, 150.0, 200.0]]
1102
[[2.0, 1.0, 2.0], [12.0, 4.0, 9999.0], [16.0, 150.0, 200.0]]
1103
[[2.0, 1.0, 2.0], [12.0, 4.0, 9999.0], [16.0, 150.0, 200.0]]
1104
[[2.0, 1.0, 2.0], [12.0, 4.0, 9999.0], [16.0, 150.0, 200.0]]
1105
[[2.0, 1.0, 2.0], [12.0, 4.0, 9999.0], [16.0, 150.0, 200.0]]
1106
[[2.0, 1.0, 2.0], [12.0, 4.0, 9999.0], [16.0, 150.0, 200.0]]
1107
[[3.0, 3.0, 4.0], [12.0, 4.0, 9999.0], [16.0, 150.0, 200.0]]
1108
[[3.0, 3.0, 4.0], [12.0, 4.0, 9999.0], [16.0, 150.0, 200.0]]
1109
[[3.0, 3.0, 4.0], [12.0, 4.0, 9999.0], [16.0, 150.0, 200.0]]
1110
[[3.0, 3.0, 4.0], [12.0, 4.0, 9999.0], [16.0, 150.0, 200.0]]
1111
[[3.0, 3.0, 4.0], [12.0, 4.0, 9999.0], [16.0, 150.0, 200.0]]
1112
[[3.0, 3.0, 4.0], [12.0, 4.0, 9999.0], [16.0, 150.0, 200.0]]
1113
[[3.0, 3.0, 4.0], [12.0, 4.0, 9999.0], [16.0, 150.0, 200.0]]
1114
[[3.0, 3.0, 4.0], [12.0, 4.0, 9999.0], [16.0, 150.0, 200.0]]
1115
[[3.0, 3.0, 4.0], [12.0, 4.0, 9999.0], [16.0, 150.0, 200.0]]
1116
[[3.0, 3.0, 4.0], [12.0, 4.0, 9999.0], [16.0, 150.0, 200.0]]
1117
[[3.0, 3.0, 4.0], [12.0, 4.0, 9999.0], [16.0, 150.0, 200.0]]
1118
[[3.0, 3.0, 4.0], [12.0, 4.0, 9999.0], [16.0, 150.0, 200.0]]
1119
[[3.0, 3.0, 4.0], [12.0, 4.0, 9999.0], [16.0, 150.0, 200.0]]
1120
[[3.0, 3.0, 4.0], [12.0, 4.0, 9999.0], [16.0, 150.0, 200.0]]
1121
[[3.0, 3.0, 4.0], [12.0, 4.0, 9999.0], [16.0, 150.0, 200.0]]
1122
[[3.0, 3.0, 4.0], [12.0, 4.0, 9999.0], [16.0, 150.0, 200.0]]
1123
[[3.0, 3.0, 4.0], [12.0, 4.0, 9999.0], [16.0, 150.0, 200.0]]
1124
[[3.0, 3.0, 4.0], [12.0, 4.0, 9999.0], [16.0, 150.0, 200.0]]
1125
[[3.0, 3.0, 4.0], [12.0, 4.0, 9999.0], [16.0, 150.0, 200.0]]
1126
[[3.0, 3.0, 4.0], [12.0, 4.0, 9999.0], [16.0, 150.0, 200.0]]
1127
[[2.0, 1.0, 2.0], [12.0, 4.0, 9999.0], [18.0, 100.0, 150.0]]
1128
[[2.0, 1.0, 2.0], [12.0, 4.0, 9999.0], [18.0, 100.0, 150.0]]
1129
[[2.0, 1.0, 2.0], [12.0, 4.0, 9999.0], [18.0, 100.0, 150.0]]
1130
[[2.0, 1.0, 2.0], [12.0, 4.0, 9999.0], [18.0, 100.0, 150.0]]
1131
[[2.0, 1.0, 2.0], [12.0, 4.0, 9999.0], [18.0, 100.0, 150.0]]
1132
[[2.0, 1.0, 2.0], [12.0, 4.0, 9999.0], [18.0, 100.0, 150.0]]
1133
[[2.0, 1.0, 2.0], [12.0, 4.0, 9999.0], [18.0, 100.0, 150.0]]
1134
[[2.0, 1.0, 2.0], [12.0, 4.0, 9999.0], [18.0, 100.0, 150.0]]
1135
[[2.0, 1.0, 2.0], [12.0, 4.0, 9999.0], [18.0, 100.0, 150.0]]
1136
[[2.0, 1.0, 2.0], [12.0, 4.0, 9999.0], [18.0, 100.0, 150.0]]
1137
[[2.0, 1.0, 2.0], [12.0, 4.0, 9999.0], [18.0, 100.0, 150.0]]
1138
[[2.0, 1.0, 2.0], [12.0, 4.0, 9999.0], [18.0, 100.0, 150.0]]
1139
[[2.0, 1.0, 2.0], [12.0, 4.0, 9999.0], [18.0, 100.0, 150.0]]
1140
[[2.0, 1.0, 2.0], [12.0, 4.0, 9999.0], [18.0, 100.0, 150.0]]
1141
[[2.0, 1.0, 2.0], [12.0, 4.0, 9999.0], [18.0, 100.0, 150.0]]
1142
[[2.0, 1.0, 2.0], [12.0, 4.0, 9999.0], [18.0, 100.0, 150.0]]
1143
[[2.0, 1.0, 2.0], [12.0, 4.0, 9999.0], [18.0, 100.0, 150.0]]
1144
[[2.0, 1.0, 2.0], [12.0, 4.0, 9999.0], [18.0, 100.0, 150.0]]
1145
[[2.0, 1.0, 2.0], [12.0, 4.0, 9999.0], [18.0, 100.0, 150.0]]
1146
[[2.0, 1.0, 2.0], [12.0, 4.0, 9999.0], [18.0, 100.0, 150.0]]
1165
[[1.0, 2.0, 4.0], [12.0, 4.0, 9999.0], [18.0, 100.0, 150.0]]
1166
[[1.0, 2.0, 4.0], [12.0, 4.0, 9999.0], [18.0, 100.0, 150.0]]
1167
[[1.0, 2.0, 4.0], [12.0, 4.0, 9999.0], [18.0, 100.0, 150.0]]
1168
[[1.0, 2.0, 4.0], [12.0, 4.0, 9999.0], [18.0, 100.0, 150.0]]
1169
[[1.0, 2.0, 4.0], [12.0, 4.0, 9999.0], [18.0, 100.0, 150.0]]
1170
[[1.0, 2.0, 4.0], [12.0, 4.0, 9999.0], [18.0, 100.0, 150.0]]
1171
[[1.0, 2.0, 4.0], [12.0, 4.0, 9999.0], [18.0, 100.0, 150.0]]
1172
[[1.0, 2.0, 4.0], [12.0, 4.0, 9999.0], [18.0, 100.0, 150.0]]
1173
[[1.0, 2.0, 4.0], [12.0, 4.0, 9999.0], [18.0, 100.0, 150.0]]
1174
[[1.0, 2.0, 4.0], [12.0, 4.0, 9999.0], [18.0, 100.0, 150.0]]
1175
[[1.0, 2.0, 4.0], [12.0, 4.0, 9999.0], [18.0, 100.0, 150.0]]
1176
[[1.0, 2.0, 4.0], [12.0, 4.0, 9999.0], [18.0, 100.0, 150.0]]
1177
[[1.0, 2.0, 4.0], [12.0, 4.0, 9999.0], [18.0, 100.0, 150.0]]
1178
[[1.0, 2.0, 4.0], [12.0, 4.0, 9999.0], [18.0, 100.0, 150.0]]
1179
[[1.0, 2.0, 4.0], [12.0, 4.0, 9999.0], [18.0, 100.0, 150.0]]
1180
[[1.0, 2.0, 4.0], [12.0, 4.0, 9999.0], [18.0, 100.0, 150.0]]
1181
[[1.0, 2.0, 4.0], [12.0, 4.0, 9999.0], [18.0, 100.0, 150.0]]
1182
[[1.0, 2.0, 4.0], [12.0, 4.0, 9999.0], [18.0, 100.0, 150.0]]
1183
[[1.0, 2.0, 4.0], [12.0, 4.0, 9999.0], [18.0, 100.0, 150.0]]
1184
[[1.0, 2.0, 4.0], [12.0, 4.0, 9999.0], [18.0, 100.0, 150.0]]
1185
[[5.0, 2.0, 3.0], [12.0, 4.0, 9999.0], [14.0, 50.0, 100.0]]
1186
[[5.0, 2.0, 3.0], [12.0, 4.0, 9999.0], [14.0, 50.0, 100.0]]
1187
[[5.0, 2.0, 3.0], [12.0, 4.0, 9999.0], [14.0, 50.0, 100.0]]
1188
[[5.0, 2.0, 3.0], [12.0, 4.0, 9999.0], [14.0, 50.0, 100.0]]
1189
[[5.0, 2.0, 3.0], [12.0, 4.0, 9999.0], [14.0, 50.0, 100.0]]
1190
[[5.0, 2.0, 3.0], [12.0, 4.0, 9999.0], [14.0, 50.0, 100.0]]
1191
[[5.0, 2.0, 3.0], [12.0, 4.0, 9999.0], [14.0, 50.0, 100.0]]
1192
[[5.0, 2.0, 3.0], [12.0, 4.0, 9999.0], [14.0, 50.0, 100.0]]
1193
[[5.0, 2.0, 3.0], [12.0, 4.0, 9999.0], [14.0, 50.0, 100.0]]
1194
[[5.0, 2.0, 3.0], [12.0, 4.0, 9999.0], [14.0, 50.0, 100.0]]
1195
[[5.0, 2.0, 3.0], [12.0, 4.0, 9999.0], [14.0, 50.0, 100.0]]
1196
[[5.0, 2.0, 3.0], [12.0, 4.0, 9999.0], [14.0, 50.0, 100.0]]
1197
[[5.0, 2.0, 3.0], [12.0, 4.0, 9999.0], [14.0, 50.0, 100.0]]
1198
[[5.0, 2.0, 3.0], [12.0, 4.0, 9999.0], [14.0, 50.0, 100.0]]
1199
[[5.0, 2.0, 3.0], [12.0, 4.0, 9999.0], [14.0, 50.0, 100.0]]
1200
[[5.0, 2.0, 3.0], [12.0, 4.0, 9999.0], [14.0, 50.0, 100.0]]
1201
[[5.0, 2.0, 3.0], [12.0, 4.0, 9999.0], [14.0, 50.0, 100.0]]
1202
[[5.0, 2.0, 3.0], [12.0, 4.0, 9999.0], [14.0, 50.0, 100.0]]
1203
[[5.0, 2.0, 3.0], [12.0, 4.0, 9999.0], [14.0, 50.0, 100.0]]
1204
[[5.0, 2.0, 3.0], [12.0, 4.0, 9999.0], [14.0, 50.0, 100.0]]
1205
[[2.0, 1.0, 2.0], [12.0, 4.0, 9999.0], [14.0, 50.0, 100.0]]
1206
[[2.0, 1.0, 2.0], [12.0, 4.0, 9999.0], [14.0, 50.0, 100.0]]
1207
[[2.0, 1.0, 2.0], [12.0, 4.0, 9999.0], [14.0, 50.0, 100.0]]
1208
[[2.0, 1.0, 2.0], [12.0, 4.0, 9999.0], [14.0, 50.0, 100.0]]
1209
[[2.0, 1.0, 2.0], [12.0, 4.0, 9999.0], [14.0, 50.0, 100.0]]
1210
[[2.0, 1.0, 2.0], [12.0, 4.0, 9999.0], [14.0, 50.0, 100.0]]
1211
[[2.0, 1.0, 2.0], [12.0, 4.0, 9999.0], [14.0, 50.0, 100.0]]
1212
[[2.0, 1.0, 2.0], [12.0, 4.0, 9999.0], [14.0, 50.0, 100.0]]
1213
[[2.0, 1.0, 2.0], [12.0, 4.0, 9999.0], [14.0, 50.0, 100.0]]
1214
[[2.0, 1.0, 2.0], [12.0, 4.0, 9999.0], [14.0, 50.0, 100.0]]
1215
[[2.0, 1.0, 2.0], [12.0, 4.0, 9999.0], [14.0, 50.0, 100.0]]
1216
[[2.0, 1.0, 2.0], [12.0, 4.0, 9999.0], [14.0, 50.0, 100.0]]
1217
[[2.0, 1.0, 2.0], [12.0, 4.0, 9999.0], [14.0, 50.0, 100.0]]
1218
[[2.0, 1.0, 2.0], [12.0, 4.0, 9999.0], [14.0, 50.0, 100.0]]
1219
[[2.0, 1.0, 2.0], [12.0, 4.0, 9999.0], [14.0, 50.0, 100.0]]
1220
[[2.0, 1.0, 2.0], [12.0, 4.0, 9999.0], [14.0, 50.0, 100.0]]
1221
[[2.0, 1.0, 2.0], [12.0, 4.0, 9999.0], [14.0, 50.0, 100.0]]
1222
[[2.0, 1.0, 2.0], [12.0, 4.0, 9999.0], [14.0, 50.0, 100.0]]
1223
[[2.0, 1.0, 2.0], [12.0, 4.0, 9999.0], [14.0, 50.0, 100.0]]
1224
[[2.0, 1.0, 2.0], [12.0, 4.0, 9999.0], [14.0, 50.0, 100.0]]
1225
[[0.0, 1.0, 1.0], [12.0, 4.0, 9999.0], [18.0, 100.0, 150.0]]
1226
[[0.0, 1.0, 1.0], [12.0, 4.0, 9999.0], [18.0, 100.0, 150.0]]
1227
[[0.0, 1.0, 1.0], [12.0, 4.0, 9999.0], [18.0, 100.0, 150.0]]
1228
[[0.0, 1.0, 1.0], [12.0, 4.0, 9999.0], [18.0, 100.0, 150.0]]
1229
[[0.0, 1.0, 1.0], [12.0, 4.0, 9999.0], [18.0, 100.0, 150.0]]
1230
[[0.0, 1.0, 1.0], [12.0, 4.0, 9999.0], [18.0, 100.0, 150.0]]
1231
[[0.0, 1.0, 1.0], [12.0, 4.0, 9999.0], [18.0, 100.0, 150.0]]
1232
[[0.0, 1.0, 1.0], [12.0, 4.0, 9999.0], [18.0, 100.0, 150.0]]
1233
[[0.0, 1.0, 1.0], [12.0, 4.0, 9999.0], [18.0, 100.0, 150.0]]
1234
[[0.0, 1.0, 1.0], [12.0, 4.0, 9999.0], [18.0, 100.0, 150.0]]
1235
[[0.0, 1.0, 1.0], [12.0, 4.0, 9999.0], [18.0, 100.0, 150.0]]
1236
[[0.0, 1.0, 1.0], [12.0, 4.0, 9999.0], [18.0, 100.0, 150.0]]
1237
[[0.0, 1.0, 1.0], [12.0, 4.0, 9999.0], [18.0, 100.0, 150.0]]
1238
[[0.0, 1.0, 1.0], [12.0, 4.0, 9999.0], [18.0, 100.0, 150.0]]
1239
[[0.0, 1.0, 1.0], [12.0, 4.0, 9999.0], [18.0, 100.0, 150.0]]
1240
[[0.0, 1.0, 1.0], [12.0, 4.0, 9999.0], [18.0, 100.0, 150.0]]
1241
[[0.0, 1.0, 1.0], [12.0, 4.0, 9999.0], [18.0, 100.0, 150.0]]
1242
[[0.0, 1.0, 1.0], [12.0, 4.0, 9999.0], [18.0, 100.0, 150.0]]
1243
[[0.0, 1.0, 1.0], [12.0, 4.0, 9999.0], [18.0, 100.0, 150.0]]
1244
[[0.0, 1.0, 1.0], [12.0, 4.0, 9999.0], [18.0, 100.0, 150.0]]
1245
[[0.0, 1.0, 1.0], [12.0, 4.0, 9999.0], [14.0, 50.0, 100.0]]
1246
[[0.0, 1.0, 1.0], [12.0, 4.0, 9999.0], [14.0, 50.0, 100.0]]
1247
[[0.0, 1.0, 1.0], [12.0, 4.0, 9999.0], [14.0, 50.0, 100.0]]
1248
[[0.0, 1.0, 1.0], [12.0, 4.0, 9999.0], [14.0, 50.0, 100.0]]
1249
[[0.0, 1.0, 1.0], [12.0, 4.0, 9999.0], [14.0, 50.0, 100.0]]
1250
[[0.0, 1.0, 1.0], [12.0, 4.0, 9999.0], [14.0, 50.0, 100.0]]
1251
[[0.0, 1.0, 1.0], [12.0, 4.0, 9999.0], [14.0, 50.0, 100.0]]
1252
[[0.0, 1.0, 1.0], [12.0, 4.0, 9999.0], [14.0, 50.0, 100.0]]
1253
[[0.0, 1.0, 1.0], [12.0, 4.0, 9999.0], [14.0, 50.0, 100.0]]
1254
[[0.0, 1.0, 1.0], [12.0, 4.0, 9999.0], [14.0, 50.0, 100.0]]
1255
[[0.0, 1.0, 1.0], [12.0, 4.0, 9999.0], [14.0, 50.0, 100.0]]
1256
[[0.0, 1.0, 1.0], [12.0, 4.0, 9999.0], [14.0, 50.0, 100.0]]
1257
[[0.0, 1.0, 1.0], [12.0, 4.0, 9999.0], [14.0, 50.0, 100.0]]
1258
[[0.0, 1.0, 1.0], [12.0, 4.0, 9999.0], [14.0, 50.0, 100.0]]
1259
[[0.0, 1.0, 1.0], [12.0, 4.0, 9999.0], [14.0, 50.0, 100.0]]
1260
[[0.0, 1.0, 1.0], [12.0, 4.0, 9999.0], [14.0, 50.0, 100.0]]
1261
[[0.0, 1.0, 1.0], [12.0, 4.0, 9999.0], [14.0, 50.0, 100.0]]
1262
[[0.0, 1.0, 1.0], [12.0, 4.0, 9999.0], [14.0, 50.0, 100.0]]
1263
[[5.0, 2.0, 3.0], [12.0, 4.0, 9999.0], [17.0, 20.0, 50.0]]
1264
[[0.0, 1.0, 1.0], [12.0, 4.0, 9999.0], [14.0, 50.0, 100.0]]
1265
[[0.0, 1.0, 1.0], [12.0, 4.0, 9999.0], [14.0, 50.0, 100.0]]
1266
[[5.0, 2.0, 3.0], [12.0, 4.0, 9999.0], [17.0, 20.0, 50.0]]
1267
[[5.0, 2.0, 3.0], [12.0, 4.0, 9999.0], [17.0, 20.0, 50.0]]
1268
[[5.0, 2.0, 3.0], [12.0, 4.0, 9999.0], [17.0, 20.0, 50.0]]
1269
[[5.0, 2.0, 3.0], [12.0, 4.0, 9999.0], [17.0, 20.0, 50.0]]
1270
[[5.0, 2.0, 3.0], [12.0, 4.0, 9999.0], [17.0, 20.0, 50.0]]
1271
[[5.0, 2.0, 3.0], [12.0, 4.0, 9999.0], [17.0, 20.0, 50.0]]
1272
[[5.0, 2.0, 3.0], [12.0, 4.0, 9999.0], [17.0, 20.0, 50.0]]
1273
[[5.0, 2.0, 3.0], [12.0, 4.0, 9999.0], [17.0, 20.0, 50.0]]
1274
[[5.0, 2.0, 3.0], [12.0, 4.0, 9999.0], [17.0, 20.0, 50.0]]
1275
[[5.0, 2.0, 3.0], [12.0, 4.0, 9999.0], [17.0, 20.0, 50.0]]
1276
[[5.0, 2.0, 3.0], [12.0, 4.0, 9999.0], [17.0, 20.0, 50.0]]
1277
[[5.0, 2.0, 3.0], [12.0, 4.0, 9999.0], [17.0, 20.0, 50.0]]
1278
[[5.0, 2.0, 3.0], [12.0, 4.0, 9999.0], [17.0, 20.0, 50.0]]
1279
[[5.0, 2.0, 3.0], [12.0, 4.0, 9999.0], [17.0, 20.0, 50.0]]
1280
[[5.0, 2.0, 3.0], [12.0, 4.0, 9999.0], [17.0, 20.0, 50.0]]
1281
[[5.0, 2.0, 3.0], [12.0, 4.0, 9999.0], [17.0, 20.0, 50.0]]
1282
[[5.0, 2.0, 3.0], [12.0, 4.0, 9999.0], [17.0, 20.0, 50.0]]
1283
[[5.0, 2.0, 3.0], [12.0, 4.0, 9999.0], [17.0, 20.0, 50.0]]
1284
[[5.0, 2.0, 3.0], [12.0, 4.0, 9999.0], [17.0, 20.0, 50.0]]
1285
[[4.0, 2.0, 2.0], [12.0, 4.0, 9999.0], [18.0, 100.0, 150.0]]
1286
[[4.0, 2.0, 2.0], [12.0, 4.0, 9999.0], [18.0, 100.0, 150.0]]
1287
[[4.0, 2.0, 2.0], [12.0, 4.0, 9999.0], [18.0, 100.0, 150.0]]
1288
[[4.0, 2.0, 2.0], [12.0, 4.0, 9999.0], [18.0, 100.0, 150.0]]
1289
[[4.0, 2.0, 2.0], [12.0, 4.0, 9999.0], [18.0, 100.0, 150.0]]
1290
[[4.0, 2.0, 2.0], [12.0, 4.0, 9999.0], [18.0, 100.0, 150.0]]
1291
[[4.0, 2.0, 2.0], [12.0, 4.0, 9999.0], [18.0, 100.0, 150.0]]
1292
[[4.0, 2.0, 2.0], [12.0, 4.0, 9999.0], [18.0, 100.0, 150.0]]
1293
[[4.0, 2.0, 2.0], [12.0, 4.0, 9999.0], [18.0, 100.0, 150.0]]
1294
[[4.0, 2.0, 2.0], [12.0, 4.0, 9999.0], [18.0, 100.0, 150.0]]
1295
[[4.0, 2.0, 2.0], [12.0, 4.0, 9999.0], [18.0, 100.0, 150.0]]
1296
[[4.0, 2.0, 2.0], [12.0, 4.0, 9999.0], [18.0, 100.0, 150.0]]
1297
[[4.0, 2.0, 2.0], [12.0, 4.0, 9999.0], [18.0, 100.0, 150.0]]
1298
[[4.0, 2.0, 2.0], [12.0, 4.0, 9999.0], [18.0, 100.0, 150.0]]
1299
[[4.0, 2.0, 2.0], [12.0, 4.0, 9999.0], [18.0, 100.0, 150.0]]
1300
[[4.0, 2.0, 2.0], [12.0, 4.0, 9999.0], [18.0, 100.0, 150.0]]
1301
[[4.0, 2.0, 2.0], [12.0, 4.0, 9999.0], [18.0, 100.0, 150.0]]
1302
[[4.0, 2.0, 2.0], [12.0, 4.0, 9999.0], [18.0, 100.0, 150.0]]
1303
[[4.0, 2.0, 2.0], [12.0, 4.0, 9999.0], [18.0, 100.0, 150.0]]
1304
[[1.0, 2.0, 4.0], [12.0, 4.0, 9999.0], [16.0, 150.0, 200.0]]
1305
[[1.0, 2.0, 4.0], [12.0, 4.0, 9999.0], [16.0, 150.0, 200.0]]
1306
[[4.0, 2.0, 2.0], [12.0, 4.0, 9999.0], [18.0, 100.0, 150.0]]
1307
[[1.0, 2.0, 4.0], [12.0, 4.0, 9999.0], [16.0, 150.0, 200.0]]
1308
[[1.0, 2.0, 4.0], [12.0, 4.0, 9999.0], [16.0, 150.0, 200.0]]
1309
[[1.0, 2.0, 4.0], [12.0, 4.0, 9999.0], [16.0, 150.0, 200.0]]
1310
[[1.0, 2.0, 4.0], [12.0, 4.0, 9999.0], [16.0, 150.0, 200.0]]
1311
[[1.0, 2.0, 4.0], [12.0, 4.0, 9999.0], [16.0, 150.0, 200.0]]
1312
[[1.0, 2.0, 4.0], [12.0, 4.0, 9999.0], [16.0, 150.0, 200.0]]
1313
[[1.0, 2.0, 4.0], [12.0, 4.0, 9999.0], [16.0, 150.0, 200.0]]
1314
[[1.0, 2.0, 4.0], [12.0, 4.0, 9999.0], [16.0, 150.0, 200.0]]
1315
[[1.0, 2.0, 4.0], [12.0, 4.0, 9999.0], [16.0, 150.0, 200.0]]
1316
[[1.0, 2.0, 4.0], [12.0, 4.0, 9999.0], [16.0, 150.0, 200.0]]
1317
[[1.0, 2.0, 4.0], [12.0, 4.0, 9999.0], [16.0, 150.0, 200.0]]
1318
[[1.0, 2.0, 4.0], [12.0, 4.0, 9999.0], [16.0, 150.0, 200.0]]
1319
[[1.0, 2.0, 4.0], [12.0, 4.0, 9999.0], [16.0, 150.0, 200.0]]
1320
[[1.0, 2.0, 4.0], [12.0, 4.0, 9999.0], [16.0, 150.0, 200.0]]
1321
[[1.0, 2.0, 4.0], [12.0, 4.0, 9999.0], [16.0, 150.0, 200.0]]
1322
[[1.0, 2.0, 4.0], [12.0, 4.0, 9999.0], [16.0, 150.0, 200.0]]
1323
[[1.0, 2.0, 4.0], [12.0, 4.0, 9999.0], [16.0, 150.0, 200.0]]
1324
[[1.0, 2.0, 4.0], [12.0, 4.0, 9999.0], [16.0, 150.0, 200.0]]
1325
[[0.0, 1.0, 1.0], [12.0, 4.0, 9999.0], [16.0, 150.0, 200.0]]
1326
[[0.0, 1.0, 1.0], [12.0, 4.0, 9999.0], [16.0, 150.0, 200.0]]
1327
[[0.0, 1.0, 1.0], [12.0, 4.0, 9999.0], [16.0, 150.0, 200.0]]
1328
[[0.0, 1.0, 1.0], [12.0, 4.0, 9999.0], [16.0, 150.0, 200.0]]
1329
[[0.0, 1.0, 1.0], [12.0, 4.0, 9999.0], [16.0, 150.0, 200.0]]
1330
[[0.0, 1.0, 1.0], [12.0, 4.0, 9999.0], [16.0, 150.0, 200.0]]
1331
[[0.0, 1.0, 1.0], [12.0, 4.0, 9999.0], [16.0, 150.0, 200.0]]
1332
[[0.0, 1.0, 1.0], [12.0, 4.0, 9999.0], [16.0, 150.0, 200.0]]
1333
[[0.0, 1.0, 1.0], [12.0, 4.0, 9999.0], [16.0, 150.0, 200.0]]
1334
[[0.0, 1.0, 1.0], [12.0, 4.0, 9999.0], [16.0, 150.0, 200.0]]
1335
[[0.0, 1.0, 1.0], [12.0, 4.0, 9999.0], [16.0, 150.0, 200.0]]
1336
[[0.0, 1.0, 1.0], [12.0, 4.0, 9999.0], [16.0, 150.0, 200.0]]
1337
[[0.0, 1.0, 1.0], [12.0, 4.0, 9999.0], [16.0, 150.0, 200.0]]
1338
[[0.0, 1.0, 1.0], [12.0, 4.0, 9999.0], [16.0, 150.0, 200.0]]
1339
[[0.0, 1.0, 1.0], [12.0, 4.0, 9999.0], [16.0, 150.0, 200.0]]
1340
[[0.0, 1.0, 1.0], [12.0, 4.0, 9999.0], [16.0, 150.0, 200.0]]
1341
[[0.0, 1.0, 1.0], [12.0, 4.0, 9999.0], [16.0, 150.0, 200.0]]
1342
[[0.0, 1.0, 1.0], [12.0, 4.0, 9999.0], [16.0, 150.0, 200.0]]
1343
[[0.0, 1.0, 1.0], [12.0, 4.0, 9999.0], [16.0, 150.0, 200.0]]
1344
[[0.0, 1.0, 1.0], [12.0, 4.0, 9999.0], [16.0, 150.0, 200.0]]
1345
[[6.0, 1.0, 3.0], [12.0, 4.0, 9999.0], [15.0, 0.0, 9999.0]]
1346
[[6.0, 1.0, 3.0], [12.0, 4.0, 9999.0], [15.0, 0.0, 9999.0]]
1347
[[6.0, 1.0, 3.0], [12.0, 4.0, 9999.0], [15.0, 0.0, 9999.0]]
1348
[[6.0, 1.0, 3.0], [12.0, 4.0, 9999.0], [15.0, 0.0, 9999.0]]
1349
[[6.0, 1.0, 3.0], [12.0, 4.0, 9999.0], [15.0, 0.0, 9999.0]]
1350
[[6.0, 1.0, 3.0], [12.0, 4.0, 9999.0], [15.0, 0.0, 9999.0]]
1351
[[6.0, 1.0, 3.0], [12.0, 4.0, 9999.0], [15.0, 0.0, 9999.0]]
1352
[[6.0, 1.0, 3.0], [12.0, 4.0, 9999.0], [15.0, 0.0, 9999.0]]
1353
[[6.0, 1.0, 3.0], [12.0, 4.0, 9999.0], [15.0, 0.0, 9999.0]]
1354
[[6.0, 1.0, 3.0], [12.0, 4.0, 9999.0], [15.0, 0.0, 9999.0]]
1355
[[6.0, 1.0, 3.0], [12.0, 4.0, 9999.0], [15.0, 0.0, 9999.0]]
1356
[[6.0, 1.0, 3.0], [12.0, 4.0, 9999.0], [15.0, 0.0, 9999.0]]
1357
[[6.0, 1.0, 3.0], [12.0, 4.0, 9999.0], [15.0, 0.0, 9999.0]]
1358
[[6.0, 1.0, 3.0], [12.0, 4.0, 9999.0], [15.0, 0.0, 9999.0]]
1359
[[6.0, 1.0, 3.0], [12.0, 4.0, 9999.0], [15.0, 0.0, 9999.0]]
1360
[[6.0, 1.0, 3.0], [12.0, 4.0, 9999.0], [15.0, 0.0, 9999.0]]
1361
[[6.0, 1.0, 3.0], [12.0, 4.0, 9999.0], [15.0, 0.0, 9999.0]]
1362
[[6.0, 1.0, 3.0], [12.0, 4.0, 9999.0], [15.0, 0.0, 9999.0]]
1363
[[6.0, 1.0, 3.0], [12.0, 4.0, 9999.0], [15.0, 0.0, 9999.0]]
1364
[[6.0, 1.0, 3.0], [12.0, 4.0, 9999.0], [15.0, 0.0, 9999.0]]
1365
[[4.0, 2.0, 2.0], [12.0, 4.0, 9999.0], [20.0, 200.0, 9999.0]]
1366
[[4.0, 2.0, 2.0], [12.0, 4.0, 9999.0], [20.0, 200.0, 9999.0]]
1367
[[4.0, 2.0, 2.0], [12.0, 4.0, 9999.0], [20.0, 200.0, 9999.0]]
1368
[[4.0, 2.0, 2.0], [12.0, 4.0, 9999.0], [20.0, 200.0, 9999.0]]
1369
[[4.0, 2.0, 2.0], [12.0, 4.0, 9999.0], [20.0, 200.0, 9999.0]]
1370
[[4.0, 2.0, 2.0], [12.0, 4.0, 9999.0], [20.0, 200.0, 9999.0]]
1371
[[4.0, 2.0, 2.0], [12.0, 4.0, 9999.0], [20.0, 200.0, 9999.0]]
1372
[[4.0, 2.0, 2.0], [12.0, 4.0, 9999.0], [20.0, 200.0, 9999.0]]
1373
[[4.0, 2.0, 2.0], [12.0, 4.0, 9999.0], [20.0, 200.0, 9999.0]]
1374
[[4.0, 2.0, 2.0], [12.0, 4.0, 9999.0], [20.0, 200.0, 9999.0]]
1375
[[4.0, 2.0, 2.0], [12.0, 4.0, 9999.0], [20.0, 200.0, 9999.0]]
1376
[[4.0, 2.0, 2.0], [12.0, 4.0, 9999.0], [20.0, 200.0, 9999.0]]
1377
[[4.0, 2.0, 2.0], [12.0, 4.0, 9999.0], [20.0, 200.0, 9999.0]]
1378
[[4.0, 2.0, 2.0], [12.0, 4.0, 9999.0], [20.0, 200.0, 9999.0]]
1379
[[4.0, 2.0, 2.0], [12.0, 4.0, 9999.0], [20.0, 200.0, 9999.0]]
1380
[[4.0, 2.0, 2.0], [12.0, 4.0, 9999.0], [20.0, 200.0, 9999.0]]
1381
[[4.0, 2.0, 2.0], [12.0, 4.0, 9999.0], [20.0, 200.0, 9999.0]]
1382
[[4.0, 2.0, 2.0], [12.0, 4.0, 9999.0], [20.0, 200.0, 9999.0]]
1383
[[4.0, 2.0, 2.0], [12.0, 4.0, 9999.0], [20.0, 200.0, 9999.0]]
1384
[[4.0, 2.0, 2.0], [12.0, 4.0, 9999.0], [20.0, 200.0, 9999.0]]
1385
[[1.0, 2.0, 4.0], [12.0, 4.0, 9999.0], [17.0, 20.0, 50.0]]
1386
[[1.0, 2.0, 4.0], [12.0, 4.0, 9999.0], [17.0, 20.0, 50.0]]
1387
[[1.0, 2.0, 4.0], [12.0, 4.0, 9999.0], [17.0, 20.0, 50.0]]
1388
[[1.0, 2.0, 4.0], [12.0, 4.0, 9999.0], [17.0, 20.0, 50.0]]
1389
[[1.0, 2.0, 4.0], [12.0, 4.0, 9999.0], [17.0, 20.0, 50.0]]
1390
[[1.0, 2.0, 4.0], [12.0, 4.0, 9999.0], [17.0, 20.0, 50.0]]
1391
[[1.0, 2.0, 4.0], [12.0, 4.0, 9999.0], [17.0, 20.0, 50.0]]
1392
[[1.0, 2.0, 4.0], [12.0, 4.0, 9999.0], [17.0, 20.0, 50.0]]
1393
[[1.0, 2.0, 4.0], [12.0, 4.0, 9999.0], [17.0, 20.0, 50.0]]
1394
[[1.0, 2.0, 4.0], [12.0, 4.0, 9999.0], [17.0, 20.0, 50.0]]
1395
[[1.0, 2.0, 4.0], [12.0, 4.0, 9999.0], [17.0, 20.0, 50.0]]
1396
[[1.0, 2.0, 4.0], [12.0, 4.0, 9999.0], [17.0, 20.0, 50.0]]
1397
[[1.0, 2.0, 4.0], [12.0, 4.0, 9999.0], [17.0, 20.0, 50.0]]
1398
[[1.0, 2.0, 4.0], [12.0, 4.0, 9999.0], [17.0, 20.0, 50.0]]
1399
[[1.0, 2.0, 4.0], [12.0, 4.0, 9999.0], [17.0, 20.0, 50.0]]
1400
[[1.0, 2.0, 4.0], [12.0, 4.0, 9999.0], [17.0, 20.0, 50.0]]
1401
[[1.0, 2.0, 4.0], [12.0, 4.0, 9999.0], [17.0, 20.0, 50.0]]
1402
[[1.0, 2.0, 4.0], [12.0, 4.0, 9999.0], [17.0, 20.0, 50.0]]
1403
[[1.0, 2.0, 4.0], [12.0, 4.0, 9999.0], [17.0, 20.0, 50.0]]
1404
[[1.0, 2.0, 4.0], [12.0, 4.0, 9999.0], [19.0, 0.0, 20.0]]
1405
[[1.0, 2.0, 4.0], [12.0, 4.0, 9999.0], [19.0, 0.0, 20.0]]
1406
[[1.0, 2.0, 4.0], [12.0, 4.0, 9999.0], [17.0, 20.0, 50.0]]
1407
[[1.0, 2.0, 4.0], [12.0, 4.0, 9999.0], [19.0, 0.0, 20.0]]
1408
[[1.0, 2.0, 4.0], [12.0, 4.0, 9999.0], [19.0, 0.0, 20.0]]
1409
[[1.0, 2.0, 4.0], [12.0, 4.0, 9999.0], [19.0, 0.0, 20.0]]
1410
[[1.0, 2.0, 4.0], [12.0, 4.0, 9999.0], [19.0, 0.0, 20.0]]
1411
[[1.0, 2.0, 4.0], [12.0, 4.0, 9999.0], [19.0, 0.0, 20.0]]
1412
[[1.0, 2.0, 4.0], [12.0, 4.0, 9999.0], [19.0, 0.0, 20.0]]
1413
[[1.0, 2.0, 4.0], [12.0, 4.0, 9999.0], [19.0, 0.0, 20.0]]
1414
[[1.0, 2.0, 4.0], [12.0, 4.0, 9999.0], [19.0, 0.0, 20.0]]
1415
[[1.0, 2.0, 4.0], [12.0, 4.0, 9999.0], [19.0, 0.0, 20.0]]
1416
[[1.0, 2.0, 4.0], [12.0, 4.0, 9999.0], [19.0, 0.0, 20.0]]
1417
[[1.0, 2.0, 4.0], [12.0, 4.0, 9999.0], [19.0, 0.0, 20.0]]
1418
[[1.0, 2.0, 4.0], [12.0, 4.0, 9999.0], [19.0, 0.0, 20.0]]
1419
[[1.0, 2.0, 4.0], [12.0, 4.0, 9999.0], [19.0, 0.0, 20.0]]
1420
[[1.0, 2.0, 4.0], [12.0, 4.0, 9999.0], [19.0, 0.0, 20.0]]
1421
[[1.0, 2.0, 4.0], [12.0, 4.0, 9999.0], [19.0, 0.0, 20.0]]
1422
[[1.0, 2.0, 4.0], [12.0, 4.0, 9999.0], [19.0, 0.0, 20.0]]
1423
[[1.0, 2.0, 4.0], [12.0, 4.0, 9999.0], [19.0, 0.0, 20.0]]
1424
[[1.0, 2.0, 4.0], [12.0, 4.0, 9999.0], [19.0, 0.0, 20.0]]
1465
[[3.0, 3.0, 4.0], [12.0, 4.0, 9999.0], [18.0, 100.0, 150.0]]
1466
[[3.0, 3.0, 4.0], [12.0, 4.0, 9999.0], [18.0, 100.0, 150.0]]
1467
[[3.0, 3.0, 4.0], [12.0, 4.0, 9999.0], [18.0, 100.0, 150.0]]
1468
[[3.0, 3.0, 4.0], [12.0, 4.0, 9999.0], [18.0, 100.0, 150.0]]
1469
[[3.0, 3.0, 4.0], [12.0, 4.0, 9999.0], [18.0, 100.0, 150.0]]
1470
[[3.0, 3.0, 4.0], [12.0, 4.0, 9999.0], [18.0, 100.0, 150.0]]
1471
[[3.0, 3.0, 4.0], [12.0, 4.0, 9999.0], [18.0, 100.0, 150.0]]
1472
[[3.0, 3.0, 4.0], [12.0, 4.0, 9999.0], [18.0, 100.0, 150.0]]
1473
[[3.0, 3.0, 4.0], [12.0, 4.0, 9999.0], [18.0, 100.0, 150.0]]
1474
[[3.0, 3.0, 4.0], [12.0, 4.0, 9999.0], [18.0, 100.0, 150.0]]
1475
[[3.0, 3.0, 4.0], [12.0, 4.0, 9999.0], [18.0, 100.0, 150.0]]
1476
[[3.0, 3.0, 4.0], [12.0, 4.0, 9999.0], [18.0, 100.0, 150.0]]
1477
[[3.0, 3.0, 4.0], [12.0, 4.0, 9999.0], [18.0, 100.0, 150.0]]
1478
[[3.0, 3.0, 4.0], [12.0, 4.0, 9999.0], [18.0, 100.0, 150.0]]
1479
[[3.0, 3.0, 4.0], [12.0, 4.0, 9999.0], [18.0, 100.0, 150.0]]
1480
[[3.0, 3.0, 4.0], [12.0, 4.0, 9999.0], [18.0, 100.0, 150.0]]
1481
[[3.0, 3.0, 4.0], [12.0, 4.0, 9999.0], [18.0, 100.0, 150.0]]
1482
[[3.0, 3.0, 4.0], [12.0, 4.0, 9999.0], [18.0, 100.0, 150.0]]
1483
[[3.0, 3.0, 4.0], [12.0, 4.0, 9999.0], [18.0, 100.0, 150.0]]
1484
[[3.0, 3.0, 4.0], [12.0, 4.0, 9999.0], [18.0, 100.0, 150.0]]
1485
[[8.0, 0.5, 0.5], [12.0, 4.0, 9999.0], [14.0, 50.0, 100.0]]
1486
[[8.0, 0.5, 0.5], [12.0, 4.0, 9999.0], [14.0, 50.0, 100.0]]
1487
[[8.0, 0.5, 0.5], [12.0, 4.0, 9999.0], [14.0, 50.0, 100.0]]
1488
[[8.0, 0.5, 0.5], [12.0, 4.0, 9999.0], [14.0, 50.0, 100.0]]
1489
[[8.0, 0.5, 0.5], [12.0, 4.0, 9999.0], [14.0, 50.0, 100.0]]
1490
[[8.0, 0.5, 0.5], [12.0, 4.0, 9999.0], [14.0, 50.0, 100.0]]
1491
[[8.0, 0.5, 0.5], [12.0, 4.0, 9999.0], [14.0, 50.0, 100.0]]
1492
[[8.0, 0.5, 0.5], [12.0, 4.0, 9999.0], [14.0, 50.0, 100.0]]
1493
[[8.0, 0.5, 0.5], [12.0, 4.0, 9999.0], [14.0, 50.0, 100.0]]
1494
[[8.0, 0.5, 0.5], [12.0, 4.0, 9999.0], [14.0, 50.0, 100.0]]
1495
[[8.0, 0.5, 0.5], [12.0, 4.0, 9999.0], [14.0, 50.0, 100.0]]
1496
[[8.0, 0.5, 0.5], [12.0, 4.0, 9999.0], [14.0, 50.0, 100.0]]
1497
[[8.0, 0.5, 0.5], [12.0, 4.0, 9999.0], [14.0, 50.0, 100.0]]
1498
[[8.0, 0.5, 0.5], [12.0, 4.0, 9999.0], [14.0, 50.0, 100.0]]
1499
[[8.0, 0.5, 0.5], [12.0, 4.0, 9999.0], [14.0, 50.0, 100.0]]
1500
[[8.0, 0.5, 0.5], [12.0, 4.0, 9999.0], [14.0, 50.0, 100.0]]
1501
[[8.0, 0.5, 0.5], [12.0, 4.0, 9999.0], [14.0, 50.0, 100.0]]
1502
[[8.0, 0.5, 0.5], [12.0, 4.0, 9999.0], [14.0, 50.0, 100.0]]
1503
[[8.0, 0.5, 0.5], [12.0, 4.0, 9999.0], [14.0, 50.0, 100.0]]
1504
[[8.0, 0.5, 0.5], [12.0, 4.0, 9999.0], [14.0, 50.0, 100.0]]
1505
[[9.0, 3.0, 6.0], [12.0, 4.0, 9999.0], [20.0, 200.0, 9999.0]]
1506
[[9.0, 3.0, 6.0], [12.0, 4.0, 9999.0], [20.0, 200.0, 9999.0]]
1507
[[9.0, 3.0, 6.0], [12.0, 4.0, 9999.0], [20.0, 200.0, 9999.0]]
1508
[[9.0, 3.0, 6.0], [12.0, 4.0, 9999.0], [20.0, 200.0, 9999.0]]
1509
[[9.0, 3.0, 6.0], [12.0, 4.0, 9999.0], [20.0, 200.0, 9999.0]]
1510
[[9.0, 3.0, 6.0], [12.0, 4.0, 9999.0], [20.0, 200.0, 9999.0]]
1511
[[9.0, 3.0, 6.0], [12.0, 4.0, 9999.0], [20.0, 200.0, 9999.0]]
1512
[[9.0, 3.0, 6.0], [12.0, 4.0, 9999.0], [20.0, 200.0, 9999.0]]
1513
[[9.0, 3.0, 6.0], [12.0, 4.0, 9999.0], [20.0, 200.0, 9999.0]]
1514
[[9.0, 3.0, 6.0], [12.0, 4.0, 9999.0], [20.0, 200.0, 9999.0]]
1515
[[9.0, 3.0, 6.0], [12.0, 4.0, 9999.0], [20.0, 200.0, 9999.0]]
1516
[[9.0, 3.0, 6.0], [12.0, 4.0, 9999.0], [20.0, 200.0, 9999.0]]
1517
[[9.0, 3.0, 6.0], [12.0, 4.0, 9999.0], [20.0, 200.0, 9999.0]]
1518
[[9.0, 3.0, 6.0], [12.0, 4.0, 9999.0], [20.0, 200.0, 9999.0]]
1519
[[9.0, 3.0, 6.0], [12.0, 4.0, 9999.0], [20.0, 200.0, 9999.0]]
1520
[[9.0, 3.0, 6.0], [12.0, 4.0, 9999.0], [20.0, 200.0, 9999.0]]
1521
[[9.0, 3.0, 6.0], [12.0, 4.0, 9999.0], [20.0, 200.0, 9999.0]]
1522
[[9.0, 3.0, 6.0], [12.0, 4.0, 9999.0], [20.0, 200.0, 9999.0]]
1523
[[9.0, 3.0, 6.0], [12.0, 4.0, 9999.0], [20.0, 200.0, 9999.0]]
1524
[[9.0, 3.0, 6.0], [12.0, 4.0, 9999.0], [20.0, 200.0, 9999.0]]
1525
[[3.0, 3.0, 4.0], [12.0, 4.0, 9999.0], [17.0, 20.0, 50.0]]
1526
[[3.0, 3.0, 4.0], [12.0, 4.0, 9999.0], [17.0, 20.0, 50.0]]
1527
[[3.0, 3.0, 4.0], [12.0, 4.0, 9999.0], [17.0, 20.0, 50.0]]
1528
[[3.0, 3.0, 4.0], [12.0, 4.0, 9999.0], [17.0, 20.0, 50.0]]
1529
[[3.0, 3.0, 4.0], [12.0, 4.0, 9999.0], [17.0, 20.0, 50.0]]
1530
[[3.0, 3.0, 4.0], [12.0, 4.0, 9999.0], [17.0, 20.0, 50.0]]
1531
[[3.0, 3.0, 4.0], [12.0, 4.0, 9999.0], [17.0, 20.0, 50.0]]
1532
[[3.0, 3.0, 4.0], [12.0, 4.0, 9999.0], [17.0, 20.0, 50.0]]
1533
[[3.0, 3.0, 4.0], [12.0, 4.0, 9999.0], [17.0, 20.0, 50.0]]
1534
[[3.0, 3.0, 4.0], [12.0, 4.0, 9999.0], [17.0, 20.0, 50.0]]
1535
[[3.0, 3.0, 4.0], [12.0, 4.0, 9999.0], [17.0, 20.0, 50.0]]
1536
[[3.0, 3.0, 4.0], [12.0, 4.0, 9999.0], [17.0, 20.0, 50.0]]
1537
[[3.0, 3.0, 4.0], [12.0, 4.0, 9999.0], [17.0, 20.0, 50.0]]
1538
[[3.0, 3.0, 4.0], [12.0, 4.0, 9999.0], [17.0, 20.0, 50.0]]
1539
[[3.0, 3.0, 4.0], [12.0, 4.0, 9999.0], [17.0, 20.0, 50.0]]
1540
[[3.0, 3.0, 4.0], [12.0, 4.0, 9999.0], [17.0, 20.0, 50.0]]
1541
[[3.0, 3.0, 4.0], [12.0, 4.0, 9999.0], [17.0, 20.0, 50.0]]
1542
[[3.0, 3.0, 4.0], [12.0, 4.0, 9999.0], [17.0, 20.0, 50.0]]
1543
[[10.0, 3.0, 3.0], [12.0, 4.0, 9999.0], [14.0, 50.0, 100.0]]
1544
[[3.0, 3.0, 4.0], [12.0, 4.0, 9999.0], [17.0, 20.0, 50.0]]
1545
[[3.0, 3.0, 4.0], [12.0, 4.0, 9999.0], [17.0, 20.0, 50.0]]
1546
[[10.0, 3.0, 3.0], [12.0, 4.0, 9999.0], [14.0, 50.0, 100.0]]
1547
[[10.0, 3.0, 3.0], [12.0, 4.0, 9999.0], [14.0, 50.0, 100.0]]
1548
[[10.0, 3.0, 3.0], [12.0, 4.0, 9999.0], [14.0, 50.0, 100.0]]
1549
[[10.0, 3.0, 3.0], [12.0, 4.0, 9999.0], [14.0, 50.0, 100.0]]
1550
[[10.0, 3.0, 3.0], [12.0, 4.0, 9999.0], [14.0, 50.0, 100.0]]
1551
[[10.0, 3.0, 3.0], [12.0, 4.0, 9999.0], [14.0, 50.0, 100.0]]
1552
[[10.0, 3.0, 3.0], [12.0, 4.0, 9999.0], [14.0, 50.0, 100.0]]
1553
[[10.0, 3.0, 3.0], [12.0, 4.0, 9999.0], [14.0, 50.0, 100.0]]
1554
[[10.0, 3.0, 3.0], [12.0, 4.0, 9999.0], [14.0, 50.0, 100.0]]
1555
[[10.0, 3.0, 3.0], [12.0, 4.0, 9999.0], [14.0, 50.0, 100.0]]
1556
[[10.0, 3.0, 3.0], [12.0, 4.0, 9999.0], [14.0, 50.0, 100.0]]
1557
[[10.0, 3.0, 3.0], [12.0, 4.0, 9999.0], [14.0, 50.0, 100.0]]
1558
[[10.0, 3.0, 3.0], [12.0, 4.0, 9999.0], [14.0, 50.0, 100.0]]
1559
[[10.0, 3.0, 3.0], [12.0, 4.0, 9999.0], [14.0, 50.0, 100.0]]
1560
[[10.0, 3.0, 3.0], [12.0, 4.0, 9999.0], [14.0, 50.0, 100.0]]
1561
[[10.0, 3.0, 3.0], [12.0, 4.0, 9999.0], [14.0, 50.0, 100.0]]
1562
[[10.0, 3.0, 3.0], [12.0, 4.0, 9999.0], [14.0, 50.0, 100.0]]
1563
[[10.0, 3.0, 3.0], [12.0, 4.0, 9999.0], [14.0, 50.0, 100.0]]
1564
[[10.0, 3.0, 3.0], [12.0, 4.0, 9999.0], [14.0, 50.0, 100.0]]
1565
[[11.0, 2.0, 6.0], [12.0, 4.0, 9999.0], [14.0, 50.0, 100.0]]
1566
[[11.0, 2.0, 6.0], [12.0, 4.0, 9999.0], [14.0, 50.0, 100.0]]
1567
[[11.0, 2.0, 6.0], [12.0, 4.0, 9999.0], [14.0, 50.0, 100.0]]
1568
[[11.0, 2.0, 6.0], [12.0, 4.0, 9999.0], [14.0, 50.0, 100.0]]
1569
[[11.0, 2.0, 6.0], [12.0, 4.0, 9999.0], [14.0, 50.0, 100.0]]
1570
[[11.0, 2.0, 6.0], [12.0, 4.0, 9999.0], [14.0, 50.0, 100.0]]
1571
[[11.0, 2.0, 6.0], [12.0, 4.0, 9999.0], [14.0, 50.0, 100.0]]
1572
[[11.0, 2.0, 6.0], [12.0, 4.0, 9999.0], [14.0, 50.0, 100.0]]
1573
[[11.0, 2.0, 6.0], [12.0, 4.0, 9999.0], [14.0, 50.0, 100.0]]
1574
[[11.0, 2.0, 6.0], [12.0, 4.0, 9999.0], [14.0, 50.0, 100.0]]
1575
[[11.0, 2.0, 6.0], [12.0, 4.0, 9999.0], [14.0, 50.0, 100.0]]
1576
[[11.0, 2.0, 6.0], [12.0, 4.0, 9999.0], [14.0, 50.0, 100.0]]
1577
[[11.0, 2.0, 6.0], [12.0, 4.0, 9999.0], [14.0, 50.0, 100.0]]
1578
[[11.0, 2.0, 6.0], [12.0, 4.0, 9999.0], [14.0, 50.0, 100.0]]
1579
[[11.0, 2.0, 6.0], [12.0, 4.0, 9999.0], [14.0, 50.0, 100.0]]
1580
[[11.0, 2.0, 6.0], [12.0, 4.0, 9999.0], [14.0, 50.0, 100.0]]
1581
[[11.0, 2.0, 6.0], [12.0, 4.0, 9999.0], [14.0, 50.0, 100.0]]
1582
[[11.0, 2.0, 6.0], [12.0, 4.0, 9999.0], [14.0, 50.0, 100.0]]
1583
[[11.0, 2.0, 6.0], [12.0, 4.0, 9999.0], [14.0, 50.0, 100.0]]
1584
[[11.0, 2.0, 6.0], [12.0, 4.0, 9999.0], [14.0, 50.0, 100.0]]
1585
[[2.0, 1.0, 2.0], [12.0, 4.0, 9999.0], [17.0, 20.0, 50.0]]
1586
[[2.0, 1.0, 2.0], [12.0, 4.0, 9999.0], [17.0, 20.0, 50.0]]
1587
[[2.0, 1.0, 2.0], [12.0, 4.0, 9999.0], [17.0, 20.0, 50.0]]
1588
[[2.0, 1.0, 2.0], [12.0, 4.0, 9999.0], [17.0, 20.0, 50.0]]
1589
[[2.0, 1.0, 2.0], [12.0, 4.0, 9999.0], [17.0, 20.0, 50.0]]
1590
[[2.0, 1.0, 2.0], [12.0, 4.0, 9999.0], [17.0, 20.0, 50.0]]
1591
[[2.0, 1.0, 2.0], [12.0, 4.0, 9999.0], [17.0, 20.0, 50.0]]
1592
[[2.0, 1.0, 2.0], [12.0, 4.0, 9999.0], [17.0, 20.0, 50.0]]
1593
[[2.0, 1.0, 2.0], [12.0, 4.0, 9999.0], [17.0, 20.0, 50.0]]
1594
[[2.0, 1.0, 2.0], [12.0, 4.0, 9999.0], [17.0, 20.0, 50.0]]
1595
[[2.0, 1.0, 2.0], [12.0, 4.0, 9999.0], [17.0, 20.0, 50.0]]
1596
[[2.0, 1.0, 2.0], [12.0, 4.0, 9999.0], [17.0, 20.0, 50.0]]
1597
[[2.0, 1.0, 2.0], [12.0, 4.0, 9999.0], [17.0, 20.0, 50.0]]
1598
[[2.0, 1.0, 2.0], [12.0, 4.0, 9999.0], [17.0, 20.0, 50.0]]
1599
[[2.0, 1.0, 2.0], [12.0, 4.0, 9999.0], [17.0, 20.0, 50.0]]
1600
[[2.0, 1.0, 2.0], [12.0, 4.0, 9999.0], [17.0, 20.0, 50.0]]
1601
[[2.0, 1.0, 2.0], [12.0, 4.0, 9999.0], [17.0, 20.0, 50.0]]
1602
[[2.0, 1.0, 2.0], [12.0, 4.0, 9999.0], [17.0, 20.0, 50.0]]
1603
[[2.0, 1.0, 2.0], [12.0, 4.0, 9999.0], [17.0, 20.0, 50.0]]
1604
[[2.0, 1.0, 2.0], [12.0, 4.0, 9999.0], [17.0, 20.0, 50.0]]
1605
[[2.0, 1.0, 2.0], [12.0, 4.0, 9999.0], [20.0, 200.0, 9999.0]]
1606
[[2.0, 1.0, 2.0], [12.0, 4.0, 9999.0], [20.0, 200.0, 9999.0]]
1607
[[2.0, 1.0, 2.0], [12.0, 4.0, 9999.0], [20.0, 200.0, 9999.0]]
1608
[[2.0, 1.0, 2.0], [12.0, 4.0, 9999.0], [20.0, 200.0, 9999.0]]
1609
[[2.0, 1.0, 2.0], [12.0, 4.0, 9999.0], [20.0, 200.0, 9999.0]]
1610
[[2.0, 1.0, 2.0], [12.0, 4.0, 9999.0], [20.0, 200.0, 9999.0]]
1611
[[2.0, 1.0, 2.0], [12.0, 4.0, 9999.0], [20.0, 200.0, 9999.0]]
1612
[[2.0, 1.0, 2.0], [12.0, 4.0, 9999.0], [20.0, 200.0, 9999.0]]
1613
[[2.0, 1.0, 2.0], [12.0, 4.0, 9999.0], [20.0, 200.0, 9999.0]]
1614
[[2.0, 1.0, 2.0], [12.0, 4.0, 9999.0], [20.0, 200.0, 9999.0]]
1615
[[2.0, 1.0, 2.0], [12.0, 4.0, 9999.0], [20.0, 200.0, 9999.0]]
1616
[[2.0, 1.0, 2.0], [12.0, 4.0, 9999.0], [20.0, 200.0, 9999.0]]
1617
[[2.0, 1.0, 2.0], [12.0, 4.0, 9999.0], [20.0, 200.0, 9999.0]]
1618
[[2.0, 1.0, 2.0], [12.0, 4.0, 9999.0], [20.0, 200.0, 9999.0]]
1619
[[2.0, 1.0, 2.0], [12.0, 4.0, 9999.0], [20.0, 200.0, 9999.0]]
1620
[[2.0, 1.0, 2.0], [12.0, 4.0, 9999.0], [20.0, 200.0, 9999.0]]
1621
[[2.0, 1.0, 2.0], [12.0, 4.0, 9999.0], [20.0, 200.0, 9999.0]]
1622
[[2.0, 1.0, 2.0], [12.0, 4.0, 9999.0], [20.0, 200.0, 9999.0]]
1623
[[2.0, 1.0, 2.0], [12.0, 4.0, 9999.0], [20.0, 200.0, 9999.0]]
1624
[[2.0, 1.0, 2.0], [12.0, 4.0, 9999.0], [20.0, 200.0, 9999.0]]
1625
[[7.0, 3.0, 5.0], [12.0, 4.0, 9999.0], [16.0, 150.0, 200.0]]
1626
[[7.0, 3.0, 5.0], [12.0, 4.0, 9999.0], [16.0, 150.0, 200.0]]
1627
[[7.0, 3.0, 5.0], [12.0, 4.0, 9999.0], [16.0, 150.0, 200.0]]
1628
[[7.0, 3.0, 5.0], [12.0, 4.0, 9999.0], [16.0, 150.0, 200.0]]
1629
[[7.0, 3.0, 5.0], [12.0, 4.0, 9999.0], [16.0, 150.0, 200.0]]
1630
[[7.0, 3.0, 5.0], [12.0, 4.0, 9999.0], [16.0, 150.0, 200.0]]
1631
[[7.0, 3.0, 5.0], [12.0, 4.0, 9999.0], [16.0, 150.0, 200.0]]
1632
[[7.0, 3.0, 5.0], [12.0, 4.0, 9999.0], [16.0, 150.0, 200.0]]
1633
[[7.0, 3.0, 5.0], [12.0, 4.0, 9999.0], [16.0, 150.0, 200.0]]
1634
[[7.0, 3.0, 5.0], [12.0, 4.0, 9999.0], [16.0, 150.0, 200.0]]
1635
[[7.0, 3.0, 5.0], [12.0, 4.0, 9999.0], [16.0, 150.0, 200.0]]
1636
[[7.0, 3.0, 5.0], [12.0, 4.0, 9999.0], [16.0, 150.0, 200.0]]
1637
[[7.0, 3.0, 5.0], [12.0, 4.0, 9999.0], [16.0, 150.0, 200.0]]
1638
[[7.0, 3.0, 5.0], [12.0, 4.0, 9999.0], [16.0, 150.0, 200.0]]
1639
[[7.0, 3.0, 5.0], [12.0, 4.0, 9999.0], [16.0, 150.0, 200.0]]
1640
[[7.0, 3.0, 5.0], [12.0, 4.0, 9999.0], [16.0, 150.0, 200.0]]
1641
[[7.0, 3.0, 5.0], [12.0, 4.0, 9999.0], [16.0, 150.0, 200.0]]
1642
[[7.0, 3.0, 5.0], [12.0, 4.0, 9999.0], [16.0, 150.0, 200.0]]
1643
[[7.0, 3.0, 5.0], [12.0, 4.0, 9999.0], [16.0, 150.0, 200.0]]
1644
[[0.0, 1.0, 1.0], [12.0, 4.0, 9999.0], [19.0, 0.0, 20.0]]
1645
[[7.0, 3.0, 5.0], [12.0, 4.0, 9999.0], [16.0, 150.0, 200.0]]
1646
[[0.0, 1.0, 1.0], [12.0, 4.0, 9999.0], [19.0, 0.0, 20.0]]
1647
[[0.0, 1.0, 1.0], [12.0, 4.0, 9999.0], [19.0, 0.0, 20.0]]
1648
[[0.0, 1.0, 1.0], [12.0, 4.0, 9999.0], [19.0, 0.0, 20.0]]
1649
[[0.0, 1.0, 1.0], [12.0, 4.0, 9999.0], [19.0, 0.0, 20.0]]
1650
[[0.0, 1.0, 1.0], [12.0, 4.0, 9999.0], [19.0, 0.0, 20.0]]
1651
[[0.0, 1.0, 1.0], [12.0, 4.0, 9999.0], [19.0, 0.0, 20.0]]
1652
[[0.0, 1.0, 1.0], [12.0, 4.0, 9999.0], [19.0, 0.0, 20.0]]
1653
[[0.0, 1.0, 1.0], [12.0, 4.0, 9999.0], [19.0, 0.0, 20.0]]
1654
[[0.0, 1.0, 1.0], [12.0, 4.0, 9999.0], [19.0, 0.0, 20.0]]
1655
[[0.0, 1.0, 1.0], [12.0, 4.0, 9999.0], [19.0, 0.0, 20.0]]
1656
[[0.0, 1.0, 1.0], [12.0, 4.0, 9999.0], [19.0, 0.0, 20.0]]
1657
[[0.0, 1.0, 1.0], [12.0, 4.0, 9999.0], [19.0, 0.0, 20.0]]
1658
[[0.0, 1.0, 1.0], [12.0, 4.0, 9999.0], [19.0, 0.0, 20.0]]
1659
[[0.0, 1.0, 1.0], [12.0, 4.0, 9999.0], [19.0, 0.0, 20.0]]
1660
[[0.0, 1.0, 1.0], [12.0, 4.0, 9999.0], [19.0, 0.0, 20.0]]
1661
[[0.0, 1.0, 1.0], [12.0, 4.0, 9999.0], [19.0, 0.0, 20.0]]
1662
[[0.0, 1.0, 1.0], [12.0, 4.0, 9999.0], [19.0, 0.0, 20.0]]
1663
[[0.0, 1.0, 1.0], [12.0, 4.0, 9999.0], [19.0, 0.0, 20.0]]
1664
[[0.0, 1.0, 1.0], [12.0, 4.0, 9999.0], [19.0, 0.0, 20.0]]



953
[[2.0, 1.0, 2.0], [13.0, 5.0, 5.0], [16.0, 150.0, 200.0]]
1147
[[2.0, 1.0, 2.0], [13.0, 5.0, 5.0], [16.0, 150.0, 200.0]]
1148
[[2.0, 1.0, 2.0], [13.0, 5.0, 5.0], [16.0, 150.0, 200.0]]
1149
[[2.0, 1.0, 2.0], [13.0, 5.0, 5.0], [16.0, 150.0, 200.0]]
1150
[[2.0, 1.0, 2.0], [13.0, 5.0, 5.0], [16.0, 150.0, 200.0]]
1151
[[2.0, 1.0, 2.0], [13.0, 5.0, 5.0], [16.0, 150.0, 200.0]]
1152
[[2.0, 1.0, 2.0], [13.0, 5.0, 5.0], [16.0, 150.0, 200.0]]
1153
[[2.0, 1.0, 2.0], [13.0, 5.0, 5.0], [16.0, 150.0, 200.0]]
1154
[[2.0, 1.0, 2.0], [13.0, 5.0, 5.0], [16.0, 150.0, 200.0]]
1155
[[2.0, 1.0, 2.0], [13.0, 5.0, 5.0], [16.0, 150.0, 200.0]]
1156
[[2.0, 1.0, 2.0], [13.0, 5.0, 5.0], [16.0, 150.0, 200.0]]
1157
[[2.0, 1.0, 2.0], [13.0, 5.0, 5.0], [16.0, 150.0, 200.0]]
1158
[[2.0, 1.0, 2.0], [13.0, 5.0, 5.0], [16.0, 150.0, 200.0]]
1159
[[2.0, 1.0, 2.0], [13.0, 5.0, 5.0], [16.0, 150.0, 200.0]]
1160
[[2.0, 1.0, 2.0], [13.0, 5.0, 5.0], [16.0, 150.0, 200.0]]
1161
[[2.0, 1.0, 2.0], [13.0, 5.0, 5.0], [16.0, 150.0, 200.0]]
1162
[[2.0, 1.0, 2.0], [13.0, 5.0, 5.0], [16.0, 150.0, 200.0]]
1163
[[2.0, 1.0, 2.0], [13.0, 5.0, 5.0], [16.0, 150.0, 200.0]]
1164
[[2.0, 1.0, 2.0], [13.0, 5.0, 5.0], [16.0, 150.0, 200.0]]
1425
[[1.0, 2.0, 4.0], [13.0, 5.0, 5.0], [15.0, 0.0, 9999.0]]
1426
[[1.0, 2.0, 4.0], [13.0, 5.0, 5.0], [15.0, 0.0, 9999.0]]
1427
[[1.0, 2.0, 4.0], [13.0, 5.0, 5.0], [15.0, 0.0, 9999.0]]
1428
[[1.0, 2.0, 4.0], [13.0, 5.0, 5.0], [15.0, 0.0, 9999.0]]
1429
[[1.0, 2.0, 4.0], [13.0, 5.0, 5.0], [15.0, 0.0, 9999.0]]
1430
[[1.0, 2.0, 4.0], [13.0, 5.0, 5.0], [15.0, 0.0, 9999.0]]
1431
[[1.0, 2.0, 4.0], [13.0, 5.0, 5.0], [15.0, 0.0, 9999.0]]
1432
[[1.0, 2.0, 4.0], [13.0, 5.0, 5.0], [15.0, 0.0, 9999.0]]
1433
[[1.0, 2.0, 4.0], [13.0, 5.0, 5.0], [15.0, 0.0, 9999.0]]
1434
[[1.0, 2.0, 4.0], [13.0, 5.0, 5.0], [15.0, 0.0, 9999.0]]
1435
[[1.0, 2.0, 4.0], [13.0, 5.0, 5.0], [15.0, 0.0, 9999.0]]
1436
[[1.0, 2.0, 4.0], [13.0, 5.0, 5.0], [15.0, 0.0, 9999.0]]
1437
[[1.0, 2.0, 4.0], [13.0, 5.0, 5.0], [15.0, 0.0, 9999.0]]
1438
[[1.0, 2.0, 4.0], [13.0, 5.0, 5.0], [15.0, 0.0, 9999.0]]
1439
[[1.0, 2.0, 4.0], [13.0, 5.0, 5.0], [15.0, 0.0, 9999.0]]
1440
[[1.0, 2.0, 4.0], [13.0, 5.0, 5.0], [15.0, 0.0, 9999.0]]
1441
[[1.0, 2.0, 4.0], [13.0, 5.0, 5.0], [15.0, 0.0, 9999.0]]
1442
[[1.0, 2.0, 4.0], [13.0, 5.0, 5.0], [15.0, 0.0, 9999.0]]
1443
[[1.0, 2.0, 4.0], [13.0, 5.0, 5.0], [15.0, 0.0, 9999.0]]
1444
[[1.0, 2.0, 4.0], [13.0, 5.0, 5.0], [15.0, 0.0, 9999.0]]
1445
[[7.0, 3.0, 5.0], [13.0, 5.0, 5.0], [20.0, 200.0, 9999.0]]
1446
[[7.0, 3.0, 5.0], [13.0, 5.0, 5.0], [20.0, 200.0, 9999.0]]
1447
[[7.0, 3.0, 5.0], [13.0, 5.0, 5.0], [20.0, 200.0, 9999.0]]
1448
[[7.0, 3.0, 5.0], [13.0, 5.0, 5.0], [20.0, 200.0, 9999.0]]
1449
[[7.0, 3.0, 5.0], [13.0, 5.0, 5.0], [20.0, 200.0, 9999.0]]
1450
[[7.0, 3.0, 5.0], [13.0, 5.0, 5.0], [20.0, 200.0, 9999.0]]
1451
[[7.0, 3.0, 5.0], [13.0, 5.0, 5.0], [20.0, 200.0, 9999.0]]
1452
[[7.0, 3.0, 5.0], [13.0, 5.0, 5.0], [20.0, 200.0, 9999.0]]
1453
[[7.0, 3.0, 5.0], [13.0, 5.0, 5.0], [20.0, 200.0, 9999.0]]
1454
[[7.0, 3.0, 5.0], [13.0, 5.0, 5.0], [20.0, 200.0, 9999.0]]
1455
[[7.0, 3.0, 5.0], [13.0, 5.0, 5.0], [20.0, 200.0, 9999.0]]
1456
[[7.0, 3.0, 5.0], [13.0, 5.0, 5.0], [20.0, 200.0, 9999.0]]
1457
[[7.0, 3.0, 5.0], [13.0, 5.0, 5.0], [20.0, 200.0, 9999.0]]
1458
[[7.0, 3.0, 5.0], [13.0, 5.0, 5.0], [20.0, 200.0, 9999.0]]
1459
[[7.0, 3.0, 5.0], [13.0, 5.0, 5.0], [20.0, 200.0, 9999.0]]
1460
[[7.0, 3.0, 5.0], [13.0, 5.0, 5.0], [20.0, 200.0, 9999.0]]
1461
[[7.0, 3.0, 5.0], [13.0, 5.0, 5.0], [20.0, 200.0, 9999.0]]
1462
[[7.0, 3.0, 5.0], [13.0, 5.0, 5.0], [20.0, 200.0, 9999.0]]
1463
[[7.0, 3.0, 5.0], [13.0, 5.0, 5.0], [20.0, 200.0, 9999.0]]
1464
[[7.0, 3.0, 5.0], [13.0, 5.0, 5.0], [20.0, 200.0, 9999.0]]



90
[]
91
[]
92
[]
93
[[0.0, 1.0, 1.0], [12.0, 4.0, 9999.0], [14.0, 50.0, 100.0]]
94
[[0.0, 1.0, 1.0], [12.0, 4.0, 9999.0], [14.0, 50.0, 100.0]]
95
[[0.0, 1.0, 1.0], [12.0, 4.0, 9999.0], [14.0, 50.0, 100.0]]
96
[[1.0, 2.0, 4.0], [13.0, 5.0, 5.0], [15.0, 0.0, 9999.0]]
97
[[1.0, 2.0, 4.0], [13.0, 5.0, 5.0], [15.0, 0.0, 9999.0]]
98
[[1.0, 2.0, 4.0], [13.0, 5.0, 5.0], [15.0, 0.0, 9999.0]]
