54
[]
80
[]
84
[]
125
[]
126
[]
135
[]
239
[]
240
[]
241
[]
242
[]
243
[]
244
[]
245
[]
246
[]
247
[]
248
[]
249
[]
250
[]
251
[]
252
[]
253
[]
254
[]
255
[]
256
[]
258
[]
934
[]
937
[]
946
[]
948
[]
956
[]
959
[]
966
[]
971
[]
974
[]
977
[]
984
[]
985
[]
990
[]
991
[]
998
[]
1002
[]
1004
[]
1009
[]
1015
[]
1016
[]



122
[[13.0, 4.0, 9999.0]]
257
[[0.0, 1.0, 2.0], [13.0, 4.0, 9999.0], [17.0, 0.0, 20.0]]
259
[[0.0, 1.0, 2.0], [13.0, 4.0, 9999.0], [17.0, 0.0, 20.0]]
260
[[0.0, 1.0, 2.0], [13.0, 4.0, 9999.0], [17.0, 0.0, 20.0]]
261
[[0.0, 1.0, 2.0], [13.0, 4.0, 9999.0], [17.0, 0.0, 20.0]]
262
[[0.0, 1.0, 2.0], [13.0, 4.0, 9999.0], [17.0, 0.0, 20.0]]
263
[[0.0, 1.0, 2.0], [13.0, 4.0, 9999.0], [17.0, 0.0, 20.0]]
264
[[0.0, 1.0, 2.0], [13.0, 4.0, 9999.0], [17.0, 0.0, 20.0]]
265
[[0.0, 1.0, 2.0], [13.0, 4.0, 9999.0], [17.0, 0.0, 20.0]]
266
[[0.0, 1.0, 2.0], [13.0, 4.0, 9999.0], [17.0, 0.0, 20.0]]
267
[[0.0, 1.0, 2.0], [13.0, 4.0, 9999.0], [17.0, 0.0, 20.0]]
268
[[0.0, 1.0, 2.0], [13.0, 4.0, 9999.0], [17.0, 0.0, 20.0]]
269
[[0.0, 1.0, 2.0], [13.0, 4.0, 9999.0], [17.0, 0.0, 20.0]]
270
[[0.0, 1.0, 2.0], [13.0, 4.0, 9999.0], [17.0, 0.0, 20.0]]
271
[[0.0, 1.0, 2.0], [13.0, 4.0, 9999.0], [17.0, 0.0, 20.0]]
272
[[0.0, 1.0, 2.0], [13.0, 4.0, 9999.0], [17.0, 0.0, 20.0]]
273
[[0.0, 1.0, 2.0], [13.0, 4.0, 9999.0], [17.0, 0.0, 20.0]]
274
[[0.0, 1.0, 2.0], [13.0, 4.0, 9999.0], [17.0, 0.0, 20.0]]
275
[[0.0, 1.0, 2.0], [13.0, 4.0, 9999.0], [17.0, 0.0, 20.0]]
276
[[0.0, 1.0, 2.0], [13.0, 4.0, 9999.0], [17.0, 0.0, 20.0]]
277
[[0.0, 1.0, 2.0], [13.0, 4.0, 9999.0], [17.0, 0.0, 20.0]]
278
[[1.0, 1.0, 1.0], [13.0, 4.0, 9999.0], [18.0, 20.0, 50.0]]
279
[[1.0, 1.0, 1.0], [13.0, 4.0, 9999.0], [18.0, 20.0, 50.0]]
280
[[1.0, 1.0, 1.0], [13.0, 4.0, 9999.0], [18.0, 20.0, 50.0]]
281
[[1.0, 1.0, 1.0], [13.0, 4.0, 9999.0], [18.0, 20.0, 50.0]]
282
[[1.0, 1.0, 1.0], [13.0, 4.0, 9999.0], [18.0, 20.0, 50.0]]
283
[[1.0, 1.0, 1.0], [13.0, 4.0, 9999.0], [18.0, 20.0, 50.0]]
284
[[1.0, 1.0, 1.0], [13.0, 4.0, 9999.0], [18.0, 20.0, 50.0]]
285
[[1.0, 1.0, 1.0], [13.0, 4.0, 9999.0], [18.0, 20.0, 50.0]]
286
[[1.0, 1.0, 1.0], [13.0, 4.0, 9999.0], [18.0, 20.0, 50.0]]
287
[[1.0, 1.0, 1.0], [13.0, 4.0, 9999.0], [18.0, 20.0, 50.0]]
288
[[1.0, 1.0, 1.0], [13.0, 4.0, 9999.0], [18.0, 20.0, 50.0]]
289
[[1.0, 1.0, 1.0], [13.0, 4.0, 9999.0], [18.0, 20.0, 50.0]]
290
[[1.0, 1.0, 1.0], [13.0, 4.0, 9999.0], [18.0, 20.0, 50.0]]
291
[[1.0, 1.0, 1.0], [13.0, 4.0, 9999.0], [18.0, 20.0, 50.0]]
292
[[1.0, 1.0, 1.0], [13.0, 4.0, 9999.0], [18.0, 20.0, 50.0]]
293
[[1.0, 1.0, 1.0], [13.0, 4.0, 9999.0], [18.0, 20.0, 50.0]]
294
[[1.0, 1.0, 1.0], [13.0, 4.0, 9999.0], [18.0, 20.0, 50.0]]
295
[[1.0, 1.0, 1.0], [13.0, 4.0, 9999.0], [18.0, 20.0, 50.0]]
296
[[1.0, 1.0, 1.0], [13.0, 4.0, 9999.0], [18.0, 20.0, 50.0]]
297
[[0.0, 1.0, 2.0], [13.0, 4.0, 9999.0], [19.0, 150.0, 200.0]]
298
[[0.0, 1.0, 2.0], [13.0, 4.0, 9999.0], [19.0, 150.0, 200.0]]
299
[[1.0, 1.0, 1.0], [13.0, 4.0, 9999.0], [18.0, 20.0, 50.0]]
300
[[0.0, 1.0, 2.0], [13.0, 4.0, 9999.0], [19.0, 150.0, 200.0]]
301
[[0.0, 1.0, 2.0], [13.0, 4.0, 9999.0], [19.0, 150.0, 200.0]]
302
[[0.0, 1.0, 2.0], [13.0, 4.0, 9999.0], [19.0, 150.0, 200.0]]
303
[[0.0, 1.0, 2.0], [13.0, 4.0, 9999.0], [19.0, 150.0, 200.0]]
304
[[0.0, 1.0, 2.0], [13.0, 4.0, 9999.0], [19.0, 150.0, 200.0]]
305
[[0.0, 1.0, 2.0], [13.0, 4.0, 9999.0], [19.0, 150.0, 200.0]]
306
[[0.0, 1.0, 2.0], [13.0, 4.0, 9999.0], [19.0, 150.0, 200.0]]
307
[[0.0, 1.0, 2.0], [13.0, 4.0, 9999.0], [19.0, 150.0, 200.0]]
308
[[0.0, 1.0, 2.0], [13.0, 4.0, 9999.0], [19.0, 150.0, 200.0]]
309
[[0.0, 1.0, 2.0], [13.0, 4.0, 9999.0], [19.0, 150.0, 200.0]]
310
[[0.0, 1.0, 2.0], [13.0, 4.0, 9999.0], [19.0, 150.0, 200.0]]
311
[[0.0, 1.0, 2.0], [13.0, 4.0, 9999.0], [19.0, 150.0, 200.0]]
312
[[0.0, 1.0, 2.0], [13.0, 4.0, 9999.0], [19.0, 150.0, 200.0]]
313
[[0.0, 1.0, 2.0], [13.0, 4.0, 9999.0], [19.0, 150.0, 200.0]]
314
[[0.0, 1.0, 2.0], [13.0, 4.0, 9999.0], [19.0, 150.0, 200.0]]
315
[[0.0, 1.0, 2.0], [13.0, 4.0, 9999.0], [19.0, 150.0, 200.0]]
316
[[0.0, 1.0, 2.0], [13.0, 4.0, 9999.0], [19.0, 150.0, 200.0]]
317
[[3.0, 3.0, 4.0], [13.0, 4.0, 9999.0], [19.0, 150.0, 200.0]]
318
[[0.0, 1.0, 2.0], [13.0, 4.0, 9999.0], [19.0, 150.0, 200.0]]
319
[[3.0, 3.0, 4.0], [13.0, 4.0, 9999.0], [19.0, 150.0, 200.0]]
320
[[3.0, 3.0, 4.0], [13.0, 4.0, 9999.0], [19.0, 150.0, 200.0]]
321
[[3.0, 3.0, 4.0], [13.0, 4.0, 9999.0], [19.0, 150.0, 200.0]]
322
[[3.0, 3.0, 4.0], [13.0, 4.0, 9999.0], [19.0, 150.0, 200.0]]
323
[[3.0, 3.0, 4.0], [13.0, 4.0, 9999.0], [19.0, 150.0, 200.0]]
324
[[3.0, 3.0, 4.0], [13.0, 4.0, 9999.0], [19.0, 150.0, 200.0]]
325
[[3.0, 3.0, 4.0], [13.0, 4.0, 9999.0], [19.0, 150.0, 200.0]]
326
[[3.0, 3.0, 4.0], [13.0, 4.0, 9999.0], [19.0, 150.0, 200.0]]
327
[[3.0, 3.0, 4.0], [13.0, 4.0, 9999.0], [19.0, 150.0, 200.0]]
328
[[3.0, 3.0, 4.0], [13.0, 4.0, 9999.0], [19.0, 150.0, 200.0]]
329
[[3.0, 3.0, 4.0], [13.0, 4.0, 9999.0], [19.0, 150.0, 200.0]]
330
[[3.0, 3.0, 4.0], [13.0, 4.0, 9999.0], [19.0, 150.0, 200.0]]
331
[[3.0, 3.0, 4.0], [13.0, 4.0, 9999.0], [19.0, 150.0, 200.0]]
332
[[3.0, 3.0, 4.0], [13.0, 4.0, 9999.0], [19.0, 150.0, 200.0]]
333
[[3.0, 3.0, 4.0], [13.0, 4.0, 9999.0], [19.0, 150.0, 200.0]]
334
[[3.0, 3.0, 4.0], [13.0, 4.0, 9999.0], [19.0, 150.0, 200.0]]
335
[[3.0, 3.0, 4.0], [13.0, 4.0, 9999.0], [19.0, 150.0, 200.0]]
336
[[3.0, 3.0, 4.0], [13.0, 4.0, 9999.0], [19.0, 150.0, 200.0]]
337
[[3.0, 3.0, 4.0], [13.0, 4.0, 9999.0], [19.0, 150.0, 200.0]]
338
[[0.0, 1.0, 2.0], [13.0, 4.0, 9999.0], [20.0, 200.0, 9999.0]]
339
[[0.0, 1.0, 2.0], [13.0, 4.0, 9999.0], [20.0, 200.0, 9999.0]]
340
[[0.0, 1.0, 2.0], [13.0, 4.0, 9999.0], [20.0, 200.0, 9999.0]]
341
[[0.0, 1.0, 2.0], [13.0, 4.0, 9999.0], [20.0, 200.0, 9999.0]]
342
[[0.0, 1.0, 2.0], [13.0, 4.0, 9999.0], [20.0, 200.0, 9999.0]]
343
[[0.0, 1.0, 2.0], [13.0, 4.0, 9999.0], [20.0, 200.0, 9999.0]]
344
[[0.0, 1.0, 2.0], [13.0, 4.0, 9999.0], [20.0, 200.0, 9999.0]]
345
[[0.0, 1.0, 2.0], [13.0, 4.0, 9999.0], [20.0, 200.0, 9999.0]]
346
[[0.0, 1.0, 2.0], [13.0, 4.0, 9999.0], [20.0, 200.0, 9999.0]]
347
[[0.0, 1.0, 2.0], [13.0, 4.0, 9999.0], [20.0, 200.0, 9999.0]]
348
[[0.0, 1.0, 2.0], [13.0, 4.0, 9999.0], [20.0, 200.0, 9999.0]]
349
[[0.0, 1.0, 2.0], [13.0, 4.0, 9999.0], [20.0, 200.0, 9999.0]]
350
[[0.0, 1.0, 2.0], [13.0, 4.0, 9999.0], [20.0, 200.0, 9999.0]]
351
[[0.0, 1.0, 2.0], [13.0, 4.0, 9999.0], [20.0, 200.0, 9999.0]]
352
[[0.0, 1.0, 2.0], [13.0, 4.0, 9999.0], [20.0, 200.0, 9999.0]]
353
[[0.0, 1.0, 2.0], [13.0, 4.0, 9999.0], [20.0, 200.0, 9999.0]]
354
[[0.0, 1.0, 2.0], [13.0, 4.0, 9999.0], [20.0, 200.0, 9999.0]]
355
[[0.0, 1.0, 2.0], [13.0, 4.0, 9999.0], [20.0, 200.0, 9999.0]]
356
[[0.0, 1.0, 2.0], [13.0, 4.0, 9999.0], [20.0, 200.0, 9999.0]]
357
[[0.0, 1.0, 2.0], [13.0, 4.0, 9999.0], [20.0, 200.0, 9999.0]]
358
[[0.0, 1.0, 2.0], [13.0, 4.0, 9999.0], [21.0, 100.0, 150.0]]
359
[[0.0, 1.0, 2.0], [13.0, 4.0, 9999.0], [21.0, 100.0, 150.0]]
360
[[0.0, 1.0, 2.0], [13.0, 4.0, 9999.0], [21.0, 100.0, 150.0]]
361
[[0.0, 1.0, 2.0], [13.0, 4.0, 9999.0], [21.0, 100.0, 150.0]]
362
[[0.0, 1.0, 2.0], [13.0, 4.0, 9999.0], [21.0, 100.0, 150.0]]
363
[[0.0, 1.0, 2.0], [13.0, 4.0, 9999.0], [21.0, 100.0, 150.0]]
364
[[0.0, 1.0, 2.0], [13.0, 4.0, 9999.0], [21.0, 100.0, 150.0]]
365
[[0.0, 1.0, 2.0], [13.0, 4.0, 9999.0], [21.0, 100.0, 150.0]]
366
[[0.0, 1.0, 2.0], [13.0, 4.0, 9999.0], [21.0, 100.0, 150.0]]
367
[[0.0, 1.0, 2.0], [13.0, 4.0, 9999.0], [21.0, 100.0, 150.0]]
368
[[0.0, 1.0, 2.0], [13.0, 4.0, 9999.0], [21.0, 100.0, 150.0]]
369
[[0.0, 1.0, 2.0], [13.0, 4.0, 9999.0], [21.0, 100.0, 150.0]]
370
[[0.0, 1.0, 2.0], [13.0, 4.0, 9999.0], [21.0, 100.0, 150.0]]
371
[[0.0, 1.0, 2.0], [13.0, 4.0, 9999.0], [21.0, 100.0, 150.0]]
372
[[0.0, 1.0, 2.0], [13.0, 4.0, 9999.0], [21.0, 100.0, 150.0]]
373
[[0.0, 1.0, 2.0], [13.0, 4.0, 9999.0], [21.0, 100.0, 150.0]]
374
[[0.0, 1.0, 2.0], [13.0, 4.0, 9999.0], [21.0, 100.0, 150.0]]
375
[[0.0, 1.0, 2.0], [13.0, 4.0, 9999.0], [21.0, 100.0, 150.0]]
376
[[0.0, 1.0, 2.0], [13.0, 4.0, 9999.0], [21.0, 100.0, 150.0]]
377
[[0.0, 1.0, 2.0], [13.0, 4.0, 9999.0], [21.0, 100.0, 150.0]]
396
[[2.0, 2.0, 4.0], [13.0, 4.0, 9999.0], [21.0, 100.0, 150.0]]
397
[[2.0, 2.0, 4.0], [13.0, 4.0, 9999.0], [21.0, 100.0, 150.0]]
398
[[2.0, 2.0, 4.0], [13.0, 4.0, 9999.0], [21.0, 100.0, 150.0]]
399
[[2.0, 2.0, 4.0], [13.0, 4.0, 9999.0], [21.0, 100.0, 150.0]]
400
[[2.0, 2.0, 4.0], [13.0, 4.0, 9999.0], [21.0, 100.0, 150.0]]
401
[[2.0, 2.0, 4.0], [13.0, 4.0, 9999.0], [21.0, 100.0, 150.0]]
402
[[2.0, 2.0, 4.0], [13.0, 4.0, 9999.0], [21.0, 100.0, 150.0]]
403
[[2.0, 2.0, 4.0], [13.0, 4.0, 9999.0], [21.0, 100.0, 150.0]]
404
[[2.0, 2.0, 4.0], [13.0, 4.0, 9999.0], [21.0, 100.0, 150.0]]
405
[[2.0, 2.0, 4.0], [13.0, 4.0, 9999.0], [21.0, 100.0, 150.0]]
406
[[2.0, 2.0, 4.0], [13.0, 4.0, 9999.0], [21.0, 100.0, 150.0]]
407
[[2.0, 2.0, 4.0], [13.0, 4.0, 9999.0], [21.0, 100.0, 150.0]]
408
[[2.0, 2.0, 4.0], [13.0, 4.0, 9999.0], [21.0, 100.0, 150.0]]
409
[[2.0, 2.0, 4.0], [13.0, 4.0, 9999.0], [21.0, 100.0, 150.0]]
410
[[2.0, 2.0, 4.0], [13.0, 4.0, 9999.0], [21.0, 100.0, 150.0]]
411
[[2.0, 2.0, 4.0], [13.0, 4.0, 9999.0], [21.0, 100.0, 150.0]]
412
[[2.0, 2.0, 4.0], [13.0, 4.0, 9999.0], [21.0, 100.0, 150.0]]
413
[[2.0, 2.0, 4.0], [13.0, 4.0, 9999.0], [21.0, 100.0, 150.0]]
414
[[2.0, 2.0, 4.0], [13.0, 4.0, 9999.0], [21.0, 100.0, 150.0]]
415
[[2.0, 2.0, 4.0], [13.0, 4.0, 9999.0], [21.0, 100.0, 150.0]]
416
[[4.0, 2.0, 3.0], [13.0, 4.0, 9999.0], [15.0, 50.0, 100.0]]
417
[[4.0, 2.0, 3.0], [13.0, 4.0, 9999.0], [15.0, 50.0, 100.0]]
418
[[4.0, 2.0, 3.0], [13.0, 4.0, 9999.0], [15.0, 50.0, 100.0]]
419
[[4.0, 2.0, 3.0], [13.0, 4.0, 9999.0], [15.0, 50.0, 100.0]]
420
[[4.0, 2.0, 3.0], [13.0, 4.0, 9999.0], [15.0, 50.0, 100.0]]
421
[[4.0, 2.0, 3.0], [13.0, 4.0, 9999.0], [15.0, 50.0, 100.0]]
422
[[4.0, 2.0, 3.0], [13.0, 4.0, 9999.0], [15.0, 50.0, 100.0]]
423
[[4.0, 2.0, 3.0], [13.0, 4.0, 9999.0], [15.0, 50.0, 100.0]]
424
[[4.0, 2.0, 3.0], [13.0, 4.0, 9999.0], [15.0, 50.0, 100.0]]
425
[[4.0, 2.0, 3.0], [13.0, 4.0, 9999.0], [15.0, 50.0, 100.0]]
426
[[4.0, 2.0, 3.0], [13.0, 4.0, 9999.0], [15.0, 50.0, 100.0]]
427
[[4.0, 2.0, 3.0], [13.0, 4.0, 9999.0], [15.0, 50.0, 100.0]]
428
[[4.0, 2.0, 3.0], [13.0, 4.0, 9999.0], [15.0, 50.0, 100.0]]
429
[[4.0, 2.0, 3.0], [13.0, 4.0, 9999.0], [15.0, 50.0, 100.0]]
430
[[4.0, 2.0, 3.0], [13.0, 4.0, 9999.0], [15.0, 50.0, 100.0]]
431
[[4.0, 2.0, 3.0], [13.0, 4.0, 9999.0], [15.0, 50.0, 100.0]]
432
[[4.0, 2.0, 3.0], [13.0, 4.0, 9999.0], [15.0, 50.0, 100.0]]
433
[[4.0, 2.0, 3.0], [13.0, 4.0, 9999.0], [15.0, 50.0, 100.0]]
434
[[4.0, 2.0, 3.0], [13.0, 4.0, 9999.0], [15.0, 50.0, 100.0]]
435
[[4.0, 2.0, 3.0], [13.0, 4.0, 9999.0], [15.0, 50.0, 100.0]]
436
[[0.0, 1.0, 2.0], [13.0, 4.0, 9999.0], [15.0, 50.0, 100.0]]
437
[[0.0, 1.0, 2.0], [13.0, 4.0, 9999.0], [15.0, 50.0, 100.0]]
438
[[0.0, 1.0, 2.0], [13.0, 4.0, 9999.0], [15.0, 50.0, 100.0]]
439
[[0.0, 1.0, 2.0], [13.0, 4.0, 9999.0], [15.0, 50.0, 100.0]]
440
[[0.0, 1.0, 2.0], [13.0, 4.0, 9999.0], [15.0, 50.0, 100.0]]
441
[[0.0, 1.0, 2.0], [13.0, 4.0, 9999.0], [15.0, 50.0, 100.0]]
442
[[0.0, 1.0, 2.0], [13.0, 4.0, 9999.0], [15.0, 50.0, 100.0]]
443
[[0.0, 1.0, 2.0], [13.0, 4.0, 9999.0], [15.0, 50.0, 100.0]]
444
[[0.0, 1.0, 2.0], [13.0, 4.0, 9999.0], [15.0, 50.0, 100.0]]
445
[[0.0, 1.0, 2.0], [13.0, 4.0, 9999.0], [15.0, 50.0, 100.0]]
446
[[0.0, 1.0, 2.0], [13.0, 4.0, 9999.0], [15.0, 50.0, 100.0]]
447
[[0.0, 1.0, 2.0], [13.0, 4.0, 9999.0], [15.0, 50.0, 100.0]]
448
[[0.0, 1.0, 2.0], [13.0, 4.0, 9999.0], [15.0, 50.0, 100.0]]
449
[[0.0, 1.0, 2.0], [13.0, 4.0, 9999.0], [15.0, 50.0, 100.0]]
450
[[0.0, 1.0, 2.0], [13.0, 4.0, 9999.0], [15.0, 50.0, 100.0]]
451
[[0.0, 1.0, 2.0], [13.0, 4.0, 9999.0], [15.0, 50.0, 100.0]]
452
[[0.0, 1.0, 2.0], [13.0, 4.0, 9999.0], [15.0, 50.0, 100.0]]
453
[[0.0, 1.0, 2.0], [13.0, 4.0, 9999.0], [15.0, 50.0, 100.0]]
454
[[0.0, 1.0, 2.0], [13.0, 4.0, 9999.0], [15.0, 50.0, 100.0]]
455
[[0.0, 1.0, 2.0], [13.0, 4.0, 9999.0], [15.0, 50.0, 100.0]]
474
[[1.0, 1.0, 1.0], [13.0, 4.0, 9999.0], [21.0, 100.0, 150.0]]
475
[[1.0, 1.0, 1.0], [13.0, 4.0, 9999.0], [21.0, 100.0, 150.0]]
476
[[1.0, 1.0, 1.0], [13.0, 4.0, 9999.0], [21.0, 100.0, 150.0]]
477
[[1.0, 1.0, 1.0], [13.0, 4.0, 9999.0], [21.0, 100.0, 150.0]]
478
[[1.0, 1.0, 1.0], [13.0, 4.0, 9999.0], [21.0, 100.0, 150.0]]
479
[[1.0, 1.0, 1.0], [13.0, 4.0, 9999.0], [21.0, 100.0, 150.0]]
480
[[1.0, 1.0, 1.0], [13.0, 4.0, 9999.0], [21.0, 100.0, 150.0]]
481
[[1.0, 1.0, 1.0], [13.0, 4.0, 9999.0], [21.0, 100.0, 150.0]]
482
[[1.0, 1.0, 1.0], [13.0, 4.0, 9999.0], [21.0, 100.0, 150.0]]
483
[[1.0, 1.0, 1.0], [13.0, 4.0, 9999.0], [21.0, 100.0, 150.0]]
484
[[1.0, 1.0, 1.0], [13.0, 4.0, 9999.0], [21.0, 100.0, 150.0]]
485
[[1.0, 1.0, 1.0], [13.0, 4.0, 9999.0], [21.0, 100.0, 150.0]]
486
[[1.0, 1.0, 1.0], [13.0, 4.0, 9999.0], [21.0, 100.0, 150.0]]
487
[[1.0, 1.0, 1.0], [13.0, 4.0, 9999.0], [21.0, 100.0, 150.0]]
488
[[1.0, 1.0, 1.0], [13.0, 4.0, 9999.0], [21.0, 100.0, 150.0]]
489
[[1.0, 1.0, 1.0], [13.0, 4.0, 9999.0], [21.0, 100.0, 150.0]]
490
[[1.0, 1.0, 1.0], [13.0, 4.0, 9999.0], [21.0, 100.0, 150.0]]
491
[[1.0, 1.0, 1.0], [13.0, 4.0, 9999.0], [21.0, 100.0, 150.0]]
492
[[1.0, 1.0, 1.0], [13.0, 4.0, 9999.0], [21.0, 100.0, 150.0]]
493
[[1.0, 1.0, 1.0], [13.0, 4.0, 9999.0], [21.0, 100.0, 150.0]]
494
[[1.0, 1.0, 1.0], [13.0, 4.0, 9999.0], [15.0, 50.0, 100.0]]
495
[[1.0, 1.0, 1.0], [13.0, 4.0, 9999.0], [15.0, 50.0, 100.0]]
496
[[1.0, 1.0, 1.0], [13.0, 4.0, 9999.0], [15.0, 50.0, 100.0]]
497
[[1.0, 1.0, 1.0], [13.0, 4.0, 9999.0], [15.0, 50.0, 100.0]]
498
[[1.0, 1.0, 1.0], [13.0, 4.0, 9999.0], [15.0, 50.0, 100.0]]
499
[[1.0, 1.0, 1.0], [13.0, 4.0, 9999.0], [15.0, 50.0, 100.0]]
500
[[1.0, 1.0, 1.0], [13.0, 4.0, 9999.0], [15.0, 50.0, 100.0]]
501
[[1.0, 1.0, 1.0], [13.0, 4.0, 9999.0], [15.0, 50.0, 100.0]]
502
[[1.0, 1.0, 1.0], [13.0, 4.0, 9999.0], [15.0, 50.0, 100.0]]
503
[[1.0, 1.0, 1.0], [13.0, 4.0, 9999.0], [15.0, 50.0, 100.0]]
504
[[1.0, 1.0, 1.0], [13.0, 4.0, 9999.0], [15.0, 50.0, 100.0]]
505
[[1.0, 1.0, 1.0], [13.0, 4.0, 9999.0], [15.0, 50.0, 100.0]]
506
[[1.0, 1.0, 1.0], [13.0, 4.0, 9999.0], [15.0, 50.0, 100.0]]
507
[[1.0, 1.0, 1.0], [13.0, 4.0, 9999.0], [15.0, 50.0, 100.0]]
508
[[1.0, 1.0, 1.0], [13.0, 4.0, 9999.0], [15.0, 50.0, 100.0]]
509
[[1.0, 1.0, 1.0], [13.0, 4.0, 9999.0], [15.0, 50.0, 100.0]]
510
[[1.0, 1.0, 1.0], [13.0, 4.0, 9999.0], [15.0, 50.0, 100.0]]
511
[[1.0, 1.0, 1.0], [13.0, 4.0, 9999.0], [15.0, 50.0, 100.0]]
512
[[1.0, 1.0, 1.0], [13.0, 4.0, 9999.0], [15.0, 50.0, 100.0]]
513
[[5.0, 0.0, 1.0], [13.0, 4.0, 9999.0], [21.0, 100.0, 150.0]]
514
[[5.0, 0.0, 1.0], [13.0, 4.0, 9999.0], [21.0, 100.0, 150.0]]
515
[[1.0, 1.0, 1.0], [13.0, 4.0, 9999.0], [15.0, 50.0, 100.0]]
516
[[5.0, 0.0, 1.0], [13.0, 4.0, 9999.0], [21.0, 100.0, 150.0]]
517
[[5.0, 0.0, 1.0], [13.0, 4.0, 9999.0], [21.0, 100.0, 150.0]]
518
[[5.0, 0.0, 1.0], [13.0, 4.0, 9999.0], [21.0, 100.0, 150.0]]
519
[[5.0, 0.0, 1.0], [13.0, 4.0, 9999.0], [21.0, 100.0, 150.0]]
520
[[5.0, 0.0, 1.0], [13.0, 4.0, 9999.0], [21.0, 100.0, 150.0]]
521
[[5.0, 0.0, 1.0], [13.0, 4.0, 9999.0], [21.0, 100.0, 150.0]]
522
[[5.0, 0.0, 1.0], [13.0, 4.0, 9999.0], [21.0, 100.0, 150.0]]
523
[[5.0, 0.0, 1.0], [13.0, 4.0, 9999.0], [21.0, 100.0, 150.0]]
524
[[5.0, 0.0, 1.0], [13.0, 4.0, 9999.0], [21.0, 100.0, 150.0]]
525
[[5.0, 0.0, 1.0], [13.0, 4.0, 9999.0], [21.0, 100.0, 150.0]]
526
[[5.0, 0.0, 1.0], [13.0, 4.0, 9999.0], [21.0, 100.0, 150.0]]
527
[[5.0, 0.0, 1.0], [13.0, 4.0, 9999.0], [21.0, 100.0, 150.0]]
528
[[5.0, 0.0, 1.0], [13.0, 4.0, 9999.0], [21.0, 100.0, 150.0]]
529
[[5.0, 0.0, 1.0], [13.0, 4.0, 9999.0], [21.0, 100.0, 150.0]]
530
[[5.0, 0.0, 1.0], [13.0, 4.0, 9999.0], [21.0, 100.0, 150.0]]
531
[[5.0, 0.0, 1.0], [13.0, 4.0, 9999.0], [21.0, 100.0, 150.0]]
532
[[5.0, 0.0, 1.0], [13.0, 4.0, 9999.0], [21.0, 100.0, 150.0]]
533
[[5.0, 0.0, 1.0], [13.0, 4.0, 9999.0], [21.0, 100.0, 150.0]]
534
[[4.0, 2.0, 3.0], [13.0, 4.0, 9999.0], [18.0, 20.0, 50.0]]
535
[[4.0, 2.0, 3.0], [13.0, 4.0, 9999.0], [18.0, 20.0, 50.0]]
536
[[4.0, 2.0, 3.0], [13.0, 4.0, 9999.0], [18.0, 20.0, 50.0]]
537
[[4.0, 2.0, 3.0], [13.0, 4.0, 9999.0], [18.0, 20.0, 50.0]]
538
[[4.0, 2.0, 3.0], [13.0, 4.0, 9999.0], [18.0, 20.0, 50.0]]
539
[[4.0, 2.0, 3.0], [13.0, 4.0, 9999.0], [18.0, 20.0, 50.0]]
540
[[4.0, 2.0, 3.0], [13.0, 4.0, 9999.0], [18.0, 20.0, 50.0]]
541
[[4.0, 2.0, 3.0], [13.0, 4.0, 9999.0], [18.0, 20.0, 50.0]]
542
[[4.0, 2.0, 3.0], [13.0, 4.0, 9999.0], [18.0, 20.0, 50.0]]
543
[[4.0, 2.0, 3.0], [13.0, 4.0, 9999.0], [18.0, 20.0, 50.0]]
544
[[4.0, 2.0, 3.0], [13.0, 4.0, 9999.0], [18.0, 20.0, 50.0]]
545
[[4.0, 2.0, 3.0], [13.0, 4.0, 9999.0], [18.0, 20.0, 50.0]]
546
[[4.0, 2.0, 3.0], [13.0, 4.0, 9999.0], [18.0, 20.0, 50.0]]
547
[[4.0, 2.0, 3.0], [13.0, 4.0, 9999.0], [18.0, 20.0, 50.0]]
548
[[4.0, 2.0, 3.0], [13.0, 4.0, 9999.0], [18.0, 20.0, 50.0]]
549
[[4.0, 2.0, 3.0], [13.0, 4.0, 9999.0], [18.0, 20.0, 50.0]]
550
[[4.0, 2.0, 3.0], [13.0, 4.0, 9999.0], [18.0, 20.0, 50.0]]
551
[[4.0, 2.0, 3.0], [13.0, 4.0, 9999.0], [18.0, 20.0, 50.0]]
552
[[4.0, 2.0, 3.0], [13.0, 4.0, 9999.0], [18.0, 20.0, 50.0]]
553
[[4.0, 2.0, 3.0], [13.0, 4.0, 9999.0], [18.0, 20.0, 50.0]]
554
[[6.0, 2.0, 2.0], [13.0, 4.0, 9999.0], [21.0, 100.0, 150.0]]
555
[[6.0, 2.0, 2.0], [13.0, 4.0, 9999.0], [21.0, 100.0, 150.0]]
556
[[6.0, 2.0, 2.0], [13.0, 4.0, 9999.0], [21.0, 100.0, 150.0]]
557
[[6.0, 2.0, 2.0], [13.0, 4.0, 9999.0], [21.0, 100.0, 150.0]]
558
[[6.0, 2.0, 2.0], [13.0, 4.0, 9999.0], [21.0, 100.0, 150.0]]
559
[[6.0, 2.0, 2.0], [13.0, 4.0, 9999.0], [21.0, 100.0, 150.0]]
560
[[6.0, 2.0, 2.0], [13.0, 4.0, 9999.0], [21.0, 100.0, 150.0]]
561
[[6.0, 2.0, 2.0], [13.0, 4.0, 9999.0], [21.0, 100.0, 150.0]]
562
[[6.0, 2.0, 2.0], [13.0, 4.0, 9999.0], [21.0, 100.0, 150.0]]
563
[[6.0, 2.0, 2.0], [13.0, 4.0, 9999.0], [21.0, 100.0, 150.0]]
564
[[6.0, 2.0, 2.0], [13.0, 4.0, 9999.0], [21.0, 100.0, 150.0]]
565
[[6.0, 2.0, 2.0], [13.0, 4.0, 9999.0], [21.0, 100.0, 150.0]]
566
[[6.0, 2.0, 2.0], [13.0, 4.0, 9999.0], [21.0, 100.0, 150.0]]
567
[[6.0, 2.0, 2.0], [13.0, 4.0, 9999.0], [21.0, 100.0, 150.0]]
568
[[6.0, 2.0, 2.0], [13.0, 4.0, 9999.0], [21.0, 100.0, 150.0]]
569
[[6.0, 2.0, 2.0], [13.0, 4.0, 9999.0], [21.0, 100.0, 150.0]]
570
[[6.0, 2.0, 2.0], [13.0, 4.0, 9999.0], [21.0, 100.0, 150.0]]
571
[[6.0, 2.0, 2.0], [13.0, 4.0, 9999.0], [21.0, 100.0, 150.0]]
572
[[6.0, 2.0, 2.0], [13.0, 4.0, 9999.0], [21.0, 100.0, 150.0]]
574
[[6.0, 2.0, 2.0], [13.0, 4.0, 9999.0], [21.0, 100.0, 150.0]]
593
[[2.0, 2.0, 4.0], [13.0, 4.0, 9999.0], [19.0, 150.0, 200.0]]
595
[[2.0, 2.0, 4.0], [13.0, 4.0, 9999.0], [19.0, 150.0, 200.0]]
596
[[2.0, 2.0, 4.0], [13.0, 4.0, 9999.0], [19.0, 150.0, 200.0]]
597
[[2.0, 2.0, 4.0], [13.0, 4.0, 9999.0], [19.0, 150.0, 200.0]]
598
[[2.0, 2.0, 4.0], [13.0, 4.0, 9999.0], [19.0, 150.0, 200.0]]
599
[[2.0, 2.0, 4.0], [13.0, 4.0, 9999.0], [19.0, 150.0, 200.0]]
600
[[2.0, 2.0, 4.0], [13.0, 4.0, 9999.0], [19.0, 150.0, 200.0]]
601
[[2.0, 2.0, 4.0], [13.0, 4.0, 9999.0], [19.0, 150.0, 200.0]]
602
[[2.0, 2.0, 4.0], [13.0, 4.0, 9999.0], [19.0, 150.0, 200.0]]
603
[[2.0, 2.0, 4.0], [13.0, 4.0, 9999.0], [19.0, 150.0, 200.0]]
604
[[2.0, 2.0, 4.0], [13.0, 4.0, 9999.0], [19.0, 150.0, 200.0]]
605
[[2.0, 2.0, 4.0], [13.0, 4.0, 9999.0], [19.0, 150.0, 200.0]]
606
[[2.0, 2.0, 4.0], [13.0, 4.0, 9999.0], [19.0, 150.0, 200.0]]
607
[[2.0, 2.0, 4.0], [13.0, 4.0, 9999.0], [19.0, 150.0, 200.0]]
608
[[2.0, 2.0, 4.0], [13.0, 4.0, 9999.0], [19.0, 150.0, 200.0]]
609
[[2.0, 2.0, 4.0], [13.0, 4.0, 9999.0], [19.0, 150.0, 200.0]]
610
[[2.0, 2.0, 4.0], [13.0, 4.0, 9999.0], [19.0, 150.0, 200.0]]
611
[[2.0, 2.0, 4.0], [13.0, 4.0, 9999.0], [19.0, 150.0, 200.0]]
612
[[2.0, 2.0, 4.0], [13.0, 4.0, 9999.0], [19.0, 150.0, 200.0]]
613
[[1.0, 1.0, 1.0], [13.0, 4.0, 9999.0], [19.0, 150.0, 200.0]]
614
[[2.0, 2.0, 4.0], [13.0, 4.0, 9999.0], [19.0, 150.0, 200.0]]
615
[[1.0, 1.0, 1.0], [13.0, 4.0, 9999.0], [19.0, 150.0, 200.0]]
616
[[1.0, 1.0, 1.0], [13.0, 4.0, 9999.0], [19.0, 150.0, 200.0]]
617
[[1.0, 1.0, 1.0], [13.0, 4.0, 9999.0], [19.0, 150.0, 200.0]]
618
[[1.0, 1.0, 1.0], [13.0, 4.0, 9999.0], [19.0, 150.0, 200.0]]
619
[[1.0, 1.0, 1.0], [13.0, 4.0, 9999.0], [19.0, 150.0, 200.0]]
620
[[1.0, 1.0, 1.0], [13.0, 4.0, 9999.0], [19.0, 150.0, 200.0]]
621
[[1.0, 1.0, 1.0], [13.0, 4.0, 9999.0], [19.0, 150.0, 200.0]]
622
[[1.0, 1.0, 1.0], [13.0, 4.0, 9999.0], [19.0, 150.0, 200.0]]
623
[[1.0, 1.0, 1.0], [13.0, 4.0, 9999.0], [19.0, 150.0, 200.0]]
624
[[1.0, 1.0, 1.0], [13.0, 4.0, 9999.0], [19.0, 150.0, 200.0]]
625
[[1.0, 1.0, 1.0], [13.0, 4.0, 9999.0], [19.0, 150.0, 200.0]]
626
[[1.0, 1.0, 1.0], [13.0, 4.0, 9999.0], [19.0, 150.0, 200.0]]
627
[[1.0, 1.0, 1.0], [13.0, 4.0, 9999.0], [19.0, 150.0, 200.0]]
628
[[1.0, 1.0, 1.0], [13.0, 4.0, 9999.0], [19.0, 150.0, 200.0]]
629
[[1.0, 1.0, 1.0], [13.0, 4.0, 9999.0], [19.0, 150.0, 200.0]]
630
[[1.0, 1.0, 1.0], [13.0, 4.0, 9999.0], [19.0, 150.0, 200.0]]
631
[[1.0, 1.0, 1.0], [13.0, 4.0, 9999.0], [19.0, 150.0, 200.0]]
632
[[1.0, 1.0, 1.0], [13.0, 4.0, 9999.0], [19.0, 150.0, 200.0]]
633
[[1.0, 1.0, 1.0], [13.0, 4.0, 9999.0], [19.0, 150.0, 200.0]]
634
[[7.0, 1.0, 3.0], [13.0, 4.0, 9999.0], [16.0, 0.0, 9999.0]]
635
[[7.0, 1.0, 3.0], [13.0, 4.0, 9999.0], [16.0, 0.0, 9999.0]]
636
[[7.0, 1.0, 3.0], [13.0, 4.0, 9999.0], [16.0, 0.0, 9999.0]]
637
[[7.0, 1.0, 3.0], [13.0, 4.0, 9999.0], [16.0, 0.0, 9999.0]]
638
[[7.0, 1.0, 3.0], [13.0, 4.0, 9999.0], [16.0, 0.0, 9999.0]]
639
[[7.0, 1.0, 3.0], [13.0, 4.0, 9999.0], [16.0, 0.0, 9999.0]]
640
[[7.0, 1.0, 3.0], [13.0, 4.0, 9999.0], [16.0, 0.0, 9999.0]]
641
[[7.0, 1.0, 3.0], [13.0, 4.0, 9999.0], [16.0, 0.0, 9999.0]]
642
[[7.0, 1.0, 3.0], [13.0, 4.0, 9999.0], [16.0, 0.0, 9999.0]]
643
[[7.0, 1.0, 3.0], [13.0, 4.0, 9999.0], [16.0, 0.0, 9999.0]]
644
[[7.0, 1.0, 3.0], [13.0, 4.0, 9999.0], [16.0, 0.0, 9999.0]]
645
[[7.0, 1.0, 3.0], [13.0, 4.0, 9999.0], [16.0, 0.0, 9999.0]]
646
[[7.0, 1.0, 3.0], [13.0, 4.0, 9999.0], [16.0, 0.0, 9999.0]]
647
[[7.0, 1.0, 3.0], [13.0, 4.0, 9999.0], [16.0, 0.0, 9999.0]]
648
[[7.0, 1.0, 3.0], [13.0, 4.0, 9999.0], [16.0, 0.0, 9999.0]]
649
[[7.0, 1.0, 3.0], [13.0, 4.0, 9999.0], [16.0, 0.0, 9999.0]]
650
[[7.0, 1.0, 3.0], [13.0, 4.0, 9999.0], [16.0, 0.0, 9999.0]]
651
[[7.0, 1.0, 3.0], [13.0, 4.0, 9999.0], [16.0, 0.0, 9999.0]]
652
[[7.0, 1.0, 3.0], [13.0, 4.0, 9999.0], [16.0, 0.0, 9999.0]]
653
[[7.0, 1.0, 3.0], [13.0, 4.0, 9999.0], [16.0, 0.0, 9999.0]]
654
[[6.0, 2.0, 2.0], [13.0, 4.0, 9999.0], [20.0, 200.0, 9999.0]]
655
[[6.0, 2.0, 2.0], [13.0, 4.0, 9999.0], [20.0, 200.0, 9999.0]]
656
[[6.0, 2.0, 2.0], [13.0, 4.0, 9999.0], [20.0, 200.0, 9999.0]]
657
[[6.0, 2.0, 2.0], [13.0, 4.0, 9999.0], [20.0, 200.0, 9999.0]]
658
[[6.0, 2.0, 2.0], [13.0, 4.0, 9999.0], [20.0, 200.0, 9999.0]]
659
[[6.0, 2.0, 2.0], [13.0, 4.0, 9999.0], [20.0, 200.0, 9999.0]]
660
[[6.0, 2.0, 2.0], [13.0, 4.0, 9999.0], [20.0, 200.0, 9999.0]]
661
[[6.0, 2.0, 2.0], [13.0, 4.0, 9999.0], [20.0, 200.0, 9999.0]]
662
[[6.0, 2.0, 2.0], [13.0, 4.0, 9999.0], [20.0, 200.0, 9999.0]]
663
[[6.0, 2.0, 2.0], [13.0, 4.0, 9999.0], [20.0, 200.0, 9999.0]]
664
[[6.0, 2.0, 2.0], [13.0, 4.0, 9999.0], [20.0, 200.0, 9999.0]]
665
[[6.0, 2.0, 2.0], [13.0, 4.0, 9999.0], [20.0, 200.0, 9999.0]]
666
[[6.0, 2.0, 2.0], [13.0, 4.0, 9999.0], [20.0, 200.0, 9999.0]]
667
[[6.0, 2.0, 2.0], [13.0, 4.0, 9999.0], [20.0, 200.0, 9999.0]]
668
[[6.0, 2.0, 2.0], [13.0, 4.0, 9999.0], [20.0, 200.0, 9999.0]]
669
[[6.0, 2.0, 2.0], [13.0, 4.0, 9999.0], [20.0, 200.0, 9999.0]]
670
[[6.0, 2.0, 2.0], [13.0, 4.0, 9999.0], [20.0, 200.0, 9999.0]]
671
[[6.0, 2.0, 2.0], [13.0, 4.0, 9999.0], [20.0, 200.0, 9999.0]]
672
[[6.0, 2.0, 2.0], [13.0, 4.0, 9999.0], [20.0, 200.0, 9999.0]]
673
[[6.0, 2.0, 2.0], [13.0, 4.0, 9999.0], [20.0, 200.0, 9999.0]]
674
[[2.0, 2.0, 4.0], [13.0, 4.0, 9999.0], [18.0, 20.0, 50.0]]
675
[[2.0, 2.0, 4.0], [13.0, 4.0, 9999.0], [18.0, 20.0, 50.0]]
676
[[2.0, 2.0, 4.0], [13.0, 4.0, 9999.0], [18.0, 20.0, 50.0]]
677
[[2.0, 2.0, 4.0], [13.0, 4.0, 9999.0], [18.0, 20.0, 50.0]]
678
[[2.0, 2.0, 4.0], [13.0, 4.0, 9999.0], [18.0, 20.0, 50.0]]
679
[[2.0, 2.0, 4.0], [13.0, 4.0, 9999.0], [18.0, 20.0, 50.0]]
680
[[2.0, 2.0, 4.0], [13.0, 4.0, 9999.0], [18.0, 20.0, 50.0]]
681
[[2.0, 2.0, 4.0], [13.0, 4.0, 9999.0], [18.0, 20.0, 50.0]]
682
[[2.0, 2.0, 4.0], [13.0, 4.0, 9999.0], [18.0, 20.0, 50.0]]
683
[[2.0, 2.0, 4.0], [13.0, 4.0, 9999.0], [18.0, 20.0, 50.0]]
684
[[2.0, 2.0, 4.0], [13.0, 4.0, 9999.0], [18.0, 20.0, 50.0]]
685
[[2.0, 2.0, 4.0], [13.0, 4.0, 9999.0], [18.0, 20.0, 50.0]]
686
[[2.0, 2.0, 4.0], [13.0, 4.0, 9999.0], [18.0, 20.0, 50.0]]
687
[[2.0, 2.0, 4.0], [13.0, 4.0, 9999.0], [18.0, 20.0, 50.0]]
688
[[2.0, 2.0, 4.0], [13.0, 4.0, 9999.0], [18.0, 20.0, 50.0]]
689
[[2.0, 2.0, 4.0], [13.0, 4.0, 9999.0], [18.0, 20.0, 50.0]]
690
[[2.0, 2.0, 4.0], [13.0, 4.0, 9999.0], [18.0, 20.0, 50.0]]
691
[[2.0, 2.0, 4.0], [13.0, 4.0, 9999.0], [18.0, 20.0, 50.0]]
692
[[2.0, 2.0, 4.0], [13.0, 4.0, 9999.0], [18.0, 20.0, 50.0]]
693
[[2.0, 2.0, 4.0], [13.0, 4.0, 9999.0], [18.0, 20.0, 50.0]]
694
[[2.0, 2.0, 4.0], [13.0, 4.0, 9999.0], [17.0, 0.0, 20.0]]
695
[[2.0, 2.0, 4.0], [13.0, 4.0, 9999.0], [17.0, 0.0, 20.0]]
696
[[2.0, 2.0, 4.0], [13.0, 4.0, 9999.0], [17.0, 0.0, 20.0]]
697
[[2.0, 2.0, 4.0], [13.0, 4.0, 9999.0], [17.0, 0.0, 20.0]]
698
[[2.0, 2.0, 4.0], [13.0, 4.0, 9999.0], [17.0, 0.0, 20.0]]
699
[[2.0, 2.0, 4.0], [13.0, 4.0, 9999.0], [17.0, 0.0, 20.0]]
700
[[2.0, 2.0, 4.0], [13.0, 4.0, 9999.0], [17.0, 0.0, 20.0]]
701
[[2.0, 2.0, 4.0], [13.0, 4.0, 9999.0], [17.0, 0.0, 20.0]]
702
[[2.0, 2.0, 4.0], [13.0, 4.0, 9999.0], [17.0, 0.0, 20.0]]
703
[[2.0, 2.0, 4.0], [13.0, 4.0, 9999.0], [17.0, 0.0, 20.0]]
704
[[2.0, 2.0, 4.0], [13.0, 4.0, 9999.0], [17.0, 0.0, 20.0]]
705
[[2.0, 2.0, 4.0], [13.0, 4.0, 9999.0], [17.0, 0.0, 20.0]]
706
[[2.0, 2.0, 4.0], [13.0, 4.0, 9999.0], [17.0, 0.0, 20.0]]
707
[[2.0, 2.0, 4.0], [13.0, 4.0, 9999.0], [17.0, 0.0, 20.0]]
708
[[2.0, 2.0, 4.0], [13.0, 4.0, 9999.0], [17.0, 0.0, 20.0]]
709
[[2.0, 2.0, 4.0], [13.0, 4.0, 9999.0], [17.0, 0.0, 20.0]]
710
[[2.0, 2.0, 4.0], [13.0, 4.0, 9999.0], [17.0, 0.0, 20.0]]
711
[[2.0, 2.0, 4.0], [13.0, 4.0, 9999.0], [17.0, 0.0, 20.0]]
712
[[2.0, 2.0, 4.0], [13.0, 4.0, 9999.0], [17.0, 0.0, 20.0]]
715
[[2.0, 2.0, 4.0], [13.0, 4.0, 9999.0], [17.0, 0.0, 20.0]]
753
[[3.0, 3.0, 4.0], [13.0, 4.0, 9999.0], [21.0, 100.0, 150.0]]
755
[[3.0, 3.0, 4.0], [13.0, 4.0, 9999.0], [21.0, 100.0, 150.0]]
756
[[3.0, 3.0, 4.0], [13.0, 4.0, 9999.0], [21.0, 100.0, 150.0]]
757
[[3.0, 3.0, 4.0], [13.0, 4.0, 9999.0], [21.0, 100.0, 150.0]]
758
[[3.0, 3.0, 4.0], [13.0, 4.0, 9999.0], [21.0, 100.0, 150.0]]
759
[[3.0, 3.0, 4.0], [13.0, 4.0, 9999.0], [21.0, 100.0, 150.0]]
760
[[3.0, 3.0, 4.0], [13.0, 4.0, 9999.0], [21.0, 100.0, 150.0]]
761
[[3.0, 3.0, 4.0], [13.0, 4.0, 9999.0], [21.0, 100.0, 150.0]]
762
[[3.0, 3.0, 4.0], [13.0, 4.0, 9999.0], [21.0, 100.0, 150.0]]
763
[[3.0, 3.0, 4.0], [13.0, 4.0, 9999.0], [21.0, 100.0, 150.0]]
764
[[3.0, 3.0, 4.0], [13.0, 4.0, 9999.0], [21.0, 100.0, 150.0]]
765
[[3.0, 3.0, 4.0], [13.0, 4.0, 9999.0], [21.0, 100.0, 150.0]]
766
[[3.0, 3.0, 4.0], [13.0, 4.0, 9999.0], [21.0, 100.0, 150.0]]
767
[[3.0, 3.0, 4.0], [13.0, 4.0, 9999.0], [21.0, 100.0, 150.0]]
768
[[3.0, 3.0, 4.0], [13.0, 4.0, 9999.0], [21.0, 100.0, 150.0]]
769
[[3.0, 3.0, 4.0], [13.0, 4.0, 9999.0], [21.0, 100.0, 150.0]]
770
[[3.0, 3.0, 4.0], [13.0, 4.0, 9999.0], [21.0, 100.0, 150.0]]
771
[[3.0, 3.0, 4.0], [13.0, 4.0, 9999.0], [21.0, 100.0, 150.0]]
772
[[3.0, 3.0, 4.0], [13.0, 4.0, 9999.0], [21.0, 100.0, 150.0]]
773
[[3.0, 3.0, 4.0], [13.0, 4.0, 9999.0], [21.0, 100.0, 150.0]]
774
[[9.0, 0.5, 0.5], [13.0, 4.0, 9999.0], [15.0, 50.0, 100.0]]
775
[[9.0, 0.5, 0.5], [13.0, 4.0, 9999.0], [15.0, 50.0, 100.0]]
776
[[9.0, 0.5, 0.5], [13.0, 4.0, 9999.0], [15.0, 50.0, 100.0]]
777
[[9.0, 0.5, 0.5], [13.0, 4.0, 9999.0], [15.0, 50.0, 100.0]]
778
[[9.0, 0.5, 0.5], [13.0, 4.0, 9999.0], [15.0, 50.0, 100.0]]
779
[[9.0, 0.5, 0.5], [13.0, 4.0, 9999.0], [15.0, 50.0, 100.0]]
780
[[9.0, 0.5, 0.5], [13.0, 4.0, 9999.0], [15.0, 50.0, 100.0]]
781
[[9.0, 0.5, 0.5], [13.0, 4.0, 9999.0], [15.0, 50.0, 100.0]]
782
[[9.0, 0.5, 0.5], [13.0, 4.0, 9999.0], [15.0, 50.0, 100.0]]
783
[[9.0, 0.5, 0.5], [13.0, 4.0, 9999.0], [15.0, 50.0, 100.0]]
784
[[9.0, 0.5, 0.5], [13.0, 4.0, 9999.0], [15.0, 50.0, 100.0]]
785
[[9.0, 0.5, 0.5], [13.0, 4.0, 9999.0], [15.0, 50.0, 100.0]]
786
[[9.0, 0.5, 0.5], [13.0, 4.0, 9999.0], [15.0, 50.0, 100.0]]
787
[[9.0, 0.5, 0.5], [13.0, 4.0, 9999.0], [15.0, 50.0, 100.0]]
788
[[9.0, 0.5, 0.5], [13.0, 4.0, 9999.0], [15.0, 50.0, 100.0]]
789
[[9.0, 0.5, 0.5], [13.0, 4.0, 9999.0], [15.0, 50.0, 100.0]]
790
[[9.0, 0.5, 0.5], [13.0, 4.0, 9999.0], [15.0, 50.0, 100.0]]
791
[[9.0, 0.5, 0.5], [13.0, 4.0, 9999.0], [15.0, 50.0, 100.0]]
792
[[9.0, 0.5, 0.5], [13.0, 4.0, 9999.0], [15.0, 50.0, 100.0]]
793
[[9.0, 0.5, 0.5], [13.0, 4.0, 9999.0], [15.0, 50.0, 100.0]]
794
[[10.0, 3.0, 6.0], [13.0, 4.0, 9999.0], [20.0, 200.0, 9999.0]]
795
[[10.0, 3.0, 6.0], [13.0, 4.0, 9999.0], [20.0, 200.0, 9999.0]]
796
[[10.0, 3.0, 6.0], [13.0, 4.0, 9999.0], [20.0, 200.0, 9999.0]]
797
[[10.0, 3.0, 6.0], [13.0, 4.0, 9999.0], [20.0, 200.0, 9999.0]]
798
[[10.0, 3.0, 6.0], [13.0, 4.0, 9999.0], [20.0, 200.0, 9999.0]]
799
[[10.0, 3.0, 6.0], [13.0, 4.0, 9999.0], [20.0, 200.0, 9999.0]]
800
[[10.0, 3.0, 6.0], [13.0, 4.0, 9999.0], [20.0, 200.0, 9999.0]]
801
[[10.0, 3.0, 6.0], [13.0, 4.0, 9999.0], [20.0, 200.0, 9999.0]]
802
[[10.0, 3.0, 6.0], [13.0, 4.0, 9999.0], [20.0, 200.0, 9999.0]]
803
[[10.0, 3.0, 6.0], [13.0, 4.0, 9999.0], [20.0, 200.0, 9999.0]]
804
[[10.0, 3.0, 6.0], [13.0, 4.0, 9999.0], [20.0, 200.0, 9999.0]]
805
[[10.0, 3.0, 6.0], [13.0, 4.0, 9999.0], [20.0, 200.0, 9999.0]]
806
[[10.0, 3.0, 6.0], [13.0, 4.0, 9999.0], [20.0, 200.0, 9999.0]]
807
[[10.0, 3.0, 6.0], [13.0, 4.0, 9999.0], [20.0, 200.0, 9999.0]]
808
[[10.0, 3.0, 6.0], [13.0, 4.0, 9999.0], [20.0, 200.0, 9999.0]]
809
[[10.0, 3.0, 6.0], [13.0, 4.0, 9999.0], [20.0, 200.0, 9999.0]]
810
[[10.0, 3.0, 6.0], [13.0, 4.0, 9999.0], [20.0, 200.0, 9999.0]]
811
[[10.0, 3.0, 6.0], [13.0, 4.0, 9999.0], [20.0, 200.0, 9999.0]]
812
[[10.0, 3.0, 6.0], [13.0, 4.0, 9999.0], [20.0, 200.0, 9999.0]]
813
[[3.0, 3.0, 4.0], [13.0, 4.0, 9999.0], [18.0, 20.0, 50.0]]
814
[[10.0, 3.0, 6.0], [13.0, 4.0, 9999.0], [20.0, 200.0, 9999.0]]
815
[[3.0, 3.0, 4.0], [13.0, 4.0, 9999.0], [18.0, 20.0, 50.0]]
816
[[3.0, 3.0, 4.0], [13.0, 4.0, 9999.0], [18.0, 20.0, 50.0]]
817
[[3.0, 3.0, 4.0], [13.0, 4.0, 9999.0], [18.0, 20.0, 50.0]]
818
[[3.0, 3.0, 4.0], [13.0, 4.0, 9999.0], [18.0, 20.0, 50.0]]
819
[[3.0, 3.0, 4.0], [13.0, 4.0, 9999.0], [18.0, 20.0, 50.0]]
820
[[3.0, 3.0, 4.0], [13.0, 4.0, 9999.0], [18.0, 20.0, 50.0]]
821
[[3.0, 3.0, 4.0], [13.0, 4.0, 9999.0], [18.0, 20.0, 50.0]]
822
[[3.0, 3.0, 4.0], [13.0, 4.0, 9999.0], [18.0, 20.0, 50.0]]
823
[[3.0, 3.0, 4.0], [13.0, 4.0, 9999.0], [18.0, 20.0, 50.0]]
824
[[3.0, 3.0, 4.0], [13.0, 4.0, 9999.0], [18.0, 20.0, 50.0]]
825
[[3.0, 3.0, 4.0], [13.0, 4.0, 9999.0], [18.0, 20.0, 50.0]]
826
[[3.0, 3.0, 4.0], [13.0, 4.0, 9999.0], [18.0, 20.0, 50.0]]
827
[[3.0, 3.0, 4.0], [13.0, 4.0, 9999.0], [18.0, 20.0, 50.0]]
828
[[3.0, 3.0, 4.0], [13.0, 4.0, 9999.0], [18.0, 20.0, 50.0]]
829
[[3.0, 3.0, 4.0], [13.0, 4.0, 9999.0], [18.0, 20.0, 50.0]]
830
[[3.0, 3.0, 4.0], [13.0, 4.0, 9999.0], [18.0, 20.0, 50.0]]
831
[[3.0, 3.0, 4.0], [13.0, 4.0, 9999.0], [18.0, 20.0, 50.0]]
832
[[3.0, 3.0, 4.0], [13.0, 4.0, 9999.0], [18.0, 20.0, 50.0]]
833
[[3.0, 3.0, 4.0], [13.0, 4.0, 9999.0], [18.0, 20.0, 50.0]]
834
[[11.0, 3.0, 3.0], [13.0, 4.0, 9999.0], [15.0, 50.0, 100.0]]
835
[[11.0, 3.0, 3.0], [13.0, 4.0, 9999.0], [15.0, 50.0, 100.0]]
836
[[11.0, 3.0, 3.0], [13.0, 4.0, 9999.0], [15.0, 50.0, 100.0]]
837
[[11.0, 3.0, 3.0], [13.0, 4.0, 9999.0], [15.0, 50.0, 100.0]]
838
[[11.0, 3.0, 3.0], [13.0, 4.0, 9999.0], [15.0, 50.0, 100.0]]
839
[[11.0, 3.0, 3.0], [13.0, 4.0, 9999.0], [15.0, 50.0, 100.0]]
840
[[11.0, 3.0, 3.0], [13.0, 4.0, 9999.0], [15.0, 50.0, 100.0]]
841
[[11.0, 3.0, 3.0], [13.0, 4.0, 9999.0], [15.0, 50.0, 100.0]]
842
[[11.0, 3.0, 3.0], [13.0, 4.0, 9999.0], [15.0, 50.0, 100.0]]
843
[[11.0, 3.0, 3.0], [13.0, 4.0, 9999.0], [15.0, 50.0, 100.0]]
844
[[11.0, 3.0, 3.0], [13.0, 4.0, 9999.0], [15.0, 50.0, 100.0]]
845
[[11.0, 3.0, 3.0], [13.0, 4.0, 9999.0], [15.0, 50.0, 100.0]]
846
[[11.0, 3.0, 3.0], [13.0, 4.0, 9999.0], [15.0, 50.0, 100.0]]
847
[[11.0, 3.0, 3.0], [13.0, 4.0, 9999.0], [15.0, 50.0, 100.0]]
848
[[11.0, 3.0, 3.0], [13.0, 4.0, 9999.0], [15.0, 50.0, 100.0]]
849
[[11.0, 3.0, 3.0], [13.0, 4.0, 9999.0], [15.0, 50.0, 100.0]]
850
[[11.0, 3.0, 3.0], [13.0, 4.0, 9999.0], [15.0, 50.0, 100.0]]
851
[[11.0, 3.0, 3.0], [13.0, 4.0, 9999.0], [15.0, 50.0, 100.0]]
852
[[11.0, 3.0, 3.0], [13.0, 4.0, 9999.0], [15.0, 50.0, 100.0]]
853
[[11.0, 3.0, 3.0], [13.0, 4.0, 9999.0], [15.0, 50.0, 100.0]]
854
[[12.0, 2.0, 6.0], [13.0, 4.0, 9999.0], [15.0, 50.0, 100.0]]
855
[[12.0, 2.0, 6.0], [13.0, 4.0, 9999.0], [15.0, 50.0, 100.0]]
856
[[12.0, 2.0, 6.0], [13.0, 4.0, 9999.0], [15.0, 50.0, 100.0]]
857
[[12.0, 2.0, 6.0], [13.0, 4.0, 9999.0], [15.0, 50.0, 100.0]]
858
[[12.0, 2.0, 6.0], [13.0, 4.0, 9999.0], [15.0, 50.0, 100.0]]
859
[[12.0, 2.0, 6.0], [13.0, 4.0, 9999.0], [15.0, 50.0, 100.0]]
860
[[12.0, 2.0, 6.0], [13.0, 4.0, 9999.0], [15.0, 50.0, 100.0]]
861
[[12.0, 2.0, 6.0], [13.0, 4.0, 9999.0], [15.0, 50.0, 100.0]]
862
[[12.0, 2.0, 6.0], [13.0, 4.0, 9999.0], [15.0, 50.0, 100.0]]
863
[[12.0, 2.0, 6.0], [13.0, 4.0, 9999.0], [15.0, 50.0, 100.0]]
864
[[12.0, 2.0, 6.0], [13.0, 4.0, 9999.0], [15.0, 50.0, 100.0]]
865
[[12.0, 2.0, 6.0], [13.0, 4.0, 9999.0], [15.0, 50.0, 100.0]]
866
[[12.0, 2.0, 6.0], [13.0, 4.0, 9999.0], [15.0, 50.0, 100.0]]
867
[[12.0, 2.0, 6.0], [13.0, 4.0, 9999.0], [15.0, 50.0, 100.0]]
868
[[12.0, 2.0, 6.0], [13.0, 4.0, 9999.0], [15.0, 50.0, 100.0]]
869
[[12.0, 2.0, 6.0], [13.0, 4.0, 9999.0], [15.0, 50.0, 100.0]]
870
[[12.0, 2.0, 6.0], [13.0, 4.0, 9999.0], [15.0, 50.0, 100.0]]
871
[[12.0, 2.0, 6.0], [13.0, 4.0, 9999.0], [15.0, 50.0, 100.0]]
872
[[0.0, 1.0, 2.0], [13.0, 4.0, 9999.0], [18.0, 20.0, 50.0]]
873
[[12.0, 2.0, 6.0], [13.0, 4.0, 9999.0], [15.0, 50.0, 100.0]]
874
[[12.0, 2.0, 6.0], [13.0, 4.0, 9999.0], [15.0, 50.0, 100.0]]
875
[[0.0, 1.0, 2.0], [13.0, 4.0, 9999.0], [18.0, 20.0, 50.0]]
876
[[0.0, 1.0, 2.0], [13.0, 4.0, 9999.0], [18.0, 20.0, 50.0]]
877
[[0.0, 1.0, 2.0], [13.0, 4.0, 9999.0], [18.0, 20.0, 50.0]]
878
[[0.0, 1.0, 2.0], [13.0, 4.0, 9999.0], [18.0, 20.0, 50.0]]
879
[[0.0, 1.0, 2.0], [13.0, 4.0, 9999.0], [18.0, 20.0, 50.0]]
880
[[0.0, 1.0, 2.0], [13.0, 4.0, 9999.0], [18.0, 20.0, 50.0]]
881
[[0.0, 1.0, 2.0], [13.0, 4.0, 9999.0], [18.0, 20.0, 50.0]]
882
[[0.0, 1.0, 2.0], [13.0, 4.0, 9999.0], [18.0, 20.0, 50.0]]
883
[[0.0, 1.0, 2.0], [13.0, 4.0, 9999.0], [18.0, 20.0, 50.0]]
884
[[0.0, 1.0, 2.0], [13.0, 4.0, 9999.0], [18.0, 20.0, 50.0]]
885
[[0.0, 1.0, 2.0], [13.0, 4.0, 9999.0], [18.0, 20.0, 50.0]]
886
[[0.0, 1.0, 2.0], [13.0, 4.0, 9999.0], [18.0, 20.0, 50.0]]
887
[[0.0, 1.0, 2.0], [13.0, 4.0, 9999.0], [18.0, 20.0, 50.0]]
888
[[0.0, 1.0, 2.0], [13.0, 4.0, 9999.0], [18.0, 20.0, 50.0]]
889
[[0.0, 1.0, 2.0], [13.0, 4.0, 9999.0], [18.0, 20.0, 50.0]]
890
[[0.0, 1.0, 2.0], [13.0, 4.0, 9999.0], [18.0, 20.0, 50.0]]
891
[[0.0, 1.0, 2.0], [13.0, 4.0, 9999.0], [18.0, 20.0, 50.0]]
892
[[0.0, 1.0, 2.0], [13.0, 4.0, 9999.0], [18.0, 20.0, 50.0]]
893
[[0.0, 1.0, 2.0], [13.0, 4.0, 9999.0], [18.0, 20.0, 50.0]]
894
[[8.0, 3.0, 5.0], [13.0, 4.0, 9999.0], [19.0, 150.0, 200.0]]
895
[[8.0, 3.0, 5.0], [13.0, 4.0, 9999.0], [19.0, 150.0, 200.0]]
896
[[8.0, 3.0, 5.0], [13.0, 4.0, 9999.0], [19.0, 150.0, 200.0]]
897
[[8.0, 3.0, 5.0], [13.0, 4.0, 9999.0], [19.0, 150.0, 200.0]]
898
[[8.0, 3.0, 5.0], [13.0, 4.0, 9999.0], [19.0, 150.0, 200.0]]
899
[[8.0, 3.0, 5.0], [13.0, 4.0, 9999.0], [19.0, 150.0, 200.0]]
900
[[8.0, 3.0, 5.0], [13.0, 4.0, 9999.0], [19.0, 150.0, 200.0]]
901
[[8.0, 3.0, 5.0], [13.0, 4.0, 9999.0], [19.0, 150.0, 200.0]]
902
[[8.0, 3.0, 5.0], [13.0, 4.0, 9999.0], [19.0, 150.0, 200.0]]
903
[[8.0, 3.0, 5.0], [13.0, 4.0, 9999.0], [19.0, 150.0, 200.0]]
904
[[8.0, 3.0, 5.0], [13.0, 4.0, 9999.0], [19.0, 150.0, 200.0]]
905
[[8.0, 3.0, 5.0], [13.0, 4.0, 9999.0], [19.0, 150.0, 200.0]]
906
[[8.0, 3.0, 5.0], [13.0, 4.0, 9999.0], [19.0, 150.0, 200.0]]
907
[[8.0, 3.0, 5.0], [13.0, 4.0, 9999.0], [19.0, 150.0, 200.0]]
908
[[8.0, 3.0, 5.0], [13.0, 4.0, 9999.0], [19.0, 150.0, 200.0]]
909
[[8.0, 3.0, 5.0], [13.0, 4.0, 9999.0], [19.0, 150.0, 200.0]]
910
[[8.0, 3.0, 5.0], [13.0, 4.0, 9999.0], [19.0, 150.0, 200.0]]
911
[[8.0, 3.0, 5.0], [13.0, 4.0, 9999.0], [19.0, 150.0, 200.0]]
912
[[1.0, 1.0, 1.0], [13.0, 4.0, 9999.0], [17.0, 0.0, 20.0]]
913
[[8.0, 3.0, 5.0], [13.0, 4.0, 9999.0], [19.0, 150.0, 200.0]]
914
[[8.0, 3.0, 5.0], [13.0, 4.0, 9999.0], [19.0, 150.0, 200.0]]
915
[[1.0, 1.0, 1.0], [13.0, 4.0, 9999.0], [17.0, 0.0, 20.0]]
916
[[1.0, 1.0, 1.0], [13.0, 4.0, 9999.0], [17.0, 0.0, 20.0]]
917
[[1.0, 1.0, 1.0], [13.0, 4.0, 9999.0], [17.0, 0.0, 20.0]]
918
[[1.0, 1.0, 1.0], [13.0, 4.0, 9999.0], [17.0, 0.0, 20.0]]
919
[[1.0, 1.0, 1.0], [13.0, 4.0, 9999.0], [17.0, 0.0, 20.0]]
920
[[1.0, 1.0, 1.0], [13.0, 4.0, 9999.0], [17.0, 0.0, 20.0]]
921
[[1.0, 1.0, 1.0], [13.0, 4.0, 9999.0], [17.0, 0.0, 20.0]]
922
[[1.0, 1.0, 1.0], [13.0, 4.0, 9999.0], [17.0, 0.0, 20.0]]
923
[[1.0, 1.0, 1.0], [13.0, 4.0, 9999.0], [17.0, 0.0, 20.0]]
924
[[1.0, 1.0, 1.0], [13.0, 4.0, 9999.0], [17.0, 0.0, 20.0]]
925
[[1.0, 1.0, 1.0], [13.0, 4.0, 9999.0], [17.0, 0.0, 20.0]]
926
[[1.0, 1.0, 1.0], [13.0, 4.0, 9999.0], [17.0, 0.0, 20.0]]
927
[[1.0, 1.0, 1.0], [13.0, 4.0, 9999.0], [17.0, 0.0, 20.0]]
928
[[1.0, 1.0, 1.0], [13.0, 4.0, 9999.0], [17.0, 0.0, 20.0]]
929
[[1.0, 1.0, 1.0], [13.0, 4.0, 9999.0], [17.0, 0.0, 20.0]]
930
[[1.0, 1.0, 1.0], [13.0, 4.0, 9999.0], [17.0, 0.0, 20.0]]
931
[[1.0, 1.0, 1.0], [13.0, 4.0, 9999.0], [17.0, 0.0, 20.0]]
932
[[1.0, 1.0, 1.0], [13.0, 4.0, 9999.0], [17.0, 0.0, 20.0]]
933
[[1.0, 1.0, 1.0], [13.0, 4.0, 9999.0], [17.0, 0.0, 20.0]]
960
[[3.0, 3.0, 4.0], [13.0, 4.0, 9999.0], [19.0, 150.0, 200.0]]
992
[[1.0, 1.0, 1.0], [13.0, 4.0, 9999.0], [18.0, 20.0, 50.0]]
993
[[2.0, 2.0, 4.0], [13.0, 4.0, 9999.0], [21.0, 100.0, 150.0]]



378
[[0.0, 1.0, 2.0], [14.0, 5.0, 5.0], [19.0, 150.0, 200.0]]
379
[[0.0, 1.0, 2.0], [14.0, 5.0, 5.0], [19.0, 150.0, 200.0]]
380
[[0.0, 1.0, 2.0], [14.0, 5.0, 5.0], [19.0, 150.0, 200.0]]
381
[[0.0, 1.0, 2.0], [14.0, 5.0, 5.0], [19.0, 150.0, 200.0]]
382
[[0.0, 1.0, 2.0], [14.0, 5.0, 5.0], [19.0, 150.0, 200.0]]
383
[[0.0, 1.0, 2.0], [14.0, 5.0, 5.0], [19.0, 150.0, 200.0]]
384
[[0.0, 1.0, 2.0], [14.0, 5.0, 5.0], [19.0, 150.0, 200.0]]
385
[[0.0, 1.0, 2.0], [14.0, 5.0, 5.0], [19.0, 150.0, 200.0]]
386
[[0.0, 1.0, 2.0], [14.0, 5.0, 5.0], [19.0, 150.0, 200.0]]
387
[[0.0, 1.0, 2.0], [14.0, 5.0, 5.0], [19.0, 150.0, 200.0]]
388
[[0.0, 1.0, 2.0], [14.0, 5.0, 5.0], [19.0, 150.0, 200.0]]
389
[[0.0, 1.0, 2.0], [14.0, 5.0, 5.0], [19.0, 150.0, 200.0]]
390
[[0.0, 1.0, 2.0], [14.0, 5.0, 5.0], [19.0, 150.0, 200.0]]
391
[[0.0, 1.0, 2.0], [14.0, 5.0, 5.0], [19.0, 150.0, 200.0]]
392
[[0.0, 1.0, 2.0], [14.0, 5.0, 5.0], [19.0, 150.0, 200.0]]
393
[[0.0, 1.0, 2.0], [14.0, 5.0, 5.0], [19.0, 150.0, 200.0]]
394
[[0.0, 1.0, 2.0], [14.0, 5.0, 5.0], [19.0, 150.0, 200.0]]
395
[[0.0, 1.0, 2.0], [14.0, 5.0, 5.0], [19.0, 150.0, 200.0]]
456
[[0.0, 1.0, 2.0], [14.0, 5.0, 5.0], [21.0, 100.0, 150.0]]
457
[[0.0, 1.0, 2.0], [14.0, 5.0, 5.0], [21.0, 100.0, 150.0]]
458
[[0.0, 1.0, 2.0], [14.0, 5.0, 5.0], [21.0, 100.0, 150.0]]
459
[[0.0, 1.0, 2.0], [14.0, 5.0, 5.0], [21.0, 100.0, 150.0]]
460
[[0.0, 1.0, 2.0], [14.0, 5.0, 5.0], [21.0, 100.0, 150.0]]
461
[[0.0, 1.0, 2.0], [14.0, 5.0, 5.0], [21.0, 100.0, 150.0]]
462
[[0.0, 1.0, 2.0], [14.0, 5.0, 5.0], [21.0, 100.0, 150.0]]
463
[[0.0, 1.0, 2.0], [14.0, 5.0, 5.0], [21.0, 100.0, 150.0]]
464
[[0.0, 1.0, 2.0], [14.0, 5.0, 5.0], [21.0, 100.0, 150.0]]
465
[[0.0, 1.0, 2.0], [14.0, 5.0, 5.0], [21.0, 100.0, 150.0]]
466
[[0.0, 1.0, 2.0], [14.0, 5.0, 5.0], [21.0, 100.0, 150.0]]
467
[[0.0, 1.0, 2.0], [14.0, 5.0, 5.0], [21.0, 100.0, 150.0]]
468
[[0.0, 1.0, 2.0], [14.0, 5.0, 5.0], [21.0, 100.0, 150.0]]
469
[[0.0, 1.0, 2.0], [14.0, 5.0, 5.0], [21.0, 100.0, 150.0]]
470
[[0.0, 1.0, 2.0], [14.0, 5.0, 5.0], [21.0, 100.0, 150.0]]
471
[[0.0, 1.0, 2.0], [14.0, 5.0, 5.0], [21.0, 100.0, 150.0]]
472
[[0.0, 1.0, 2.0], [14.0, 5.0, 5.0], [21.0, 100.0, 150.0]]
473
[[0.0, 1.0, 2.0], [14.0, 5.0, 5.0], [21.0, 100.0, 150.0]]
573
[[4.0, 2.0, 3.0], [14.0, 5.0, 5.0], [21.0, 100.0, 150.0]]
575
[[4.0, 2.0, 3.0], [14.0, 5.0, 5.0], [21.0, 100.0, 150.0]]
576
[[4.0, 2.0, 3.0], [14.0, 5.0, 5.0], [21.0, 100.0, 150.0]]
577
[[4.0, 2.0, 3.0], [14.0, 5.0, 5.0], [21.0, 100.0, 150.0]]
578
[[4.0, 2.0, 3.0], [14.0, 5.0, 5.0], [21.0, 100.0, 150.0]]
579
[[4.0, 2.0, 3.0], [14.0, 5.0, 5.0], [21.0, 100.0, 150.0]]
580
[[4.0, 2.0, 3.0], [14.0, 5.0, 5.0], [21.0, 100.0, 150.0]]
581
[[4.0, 2.0, 3.0], [14.0, 5.0, 5.0], [21.0, 100.0, 150.0]]
582
[[4.0, 2.0, 3.0], [14.0, 5.0, 5.0], [21.0, 100.0, 150.0]]
583
[[4.0, 2.0, 3.0], [14.0, 5.0, 5.0], [21.0, 100.0, 150.0]]
584
[[4.0, 2.0, 3.0], [14.0, 5.0, 5.0], [21.0, 100.0, 150.0]]
585
[[4.0, 2.0, 3.0], [14.0, 5.0, 5.0], [21.0, 100.0, 150.0]]
586
[[4.0, 2.0, 3.0], [14.0, 5.0, 5.0], [21.0, 100.0, 150.0]]
587
[[4.0, 2.0, 3.0], [14.0, 5.0, 5.0], [21.0, 100.0, 150.0]]
588
[[4.0, 2.0, 3.0], [14.0, 5.0, 5.0], [21.0, 100.0, 150.0]]
589
[[4.0, 2.0, 3.0], [14.0, 5.0, 5.0], [21.0, 100.0, 150.0]]
590
[[4.0, 2.0, 3.0], [14.0, 5.0, 5.0], [21.0, 100.0, 150.0]]
591
[[4.0, 2.0, 3.0], [14.0, 5.0, 5.0], [21.0, 100.0, 150.0]]
592
[[4.0, 2.0, 3.0], [14.0, 5.0, 5.0], [21.0, 100.0, 150.0]]
594
[[4.0, 2.0, 3.0], [14.0, 5.0, 5.0], [21.0, 100.0, 150.0]]
713
[[2.0, 2.0, 4.0], [14.0, 5.0, 5.0], [16.0, 0.0, 9999.0]]
714
[[2.0, 2.0, 4.0], [14.0, 5.0, 5.0], [16.0, 0.0, 9999.0]]
716
[[2.0, 2.0, 4.0], [14.0, 5.0, 5.0], [16.0, 0.0, 9999.0]]
717
[[2.0, 2.0, 4.0], [14.0, 5.0, 5.0], [16.0, 0.0, 9999.0]]
718
[[2.0, 2.0, 4.0], [14.0, 5.0, 5.0], [16.0, 0.0, 9999.0]]
719
[[2.0, 2.0, 4.0], [14.0, 5.0, 5.0], [16.0, 0.0, 9999.0]]
720
[[2.0, 2.0, 4.0], [14.0, 5.0, 5.0], [16.0, 0.0, 9999.0]]
721
[[2.0, 2.0, 4.0], [14.0, 5.0, 5.0], [16.0, 0.0, 9999.0]]
722
[[2.0, 2.0, 4.0], [14.0, 5.0, 5.0], [16.0, 0.0, 9999.0]]
723
[[2.0, 2.0, 4.0], [14.0, 5.0, 5.0], [16.0, 0.0, 9999.0]]
724
[[2.0, 2.0, 4.0], [14.0, 5.0, 5.0], [16.0, 0.0, 9999.0]]
725
[[2.0, 2.0, 4.0], [14.0, 5.0, 5.0], [16.0, 0.0, 9999.0]]
726
[[2.0, 2.0, 4.0], [14.0, 5.0, 5.0], [16.0, 0.0, 9999.0]]
727
[[2.0, 2.0, 4.0], [14.0, 5.0, 5.0], [16.0, 0.0, 9999.0]]
728
[[2.0, 2.0, 4.0], [14.0, 5.0, 5.0], [16.0, 0.0, 9999.0]]
729
[[2.0, 2.0, 4.0], [14.0, 5.0, 5.0], [16.0, 0.0, 9999.0]]
730
[[2.0, 2.0, 4.0], [14.0, 5.0, 5.0], [16.0, 0.0, 9999.0]]
731
[[2.0, 2.0, 4.0], [14.0, 5.0, 5.0], [16.0, 0.0, 9999.0]]
732
[[8.0, 3.0, 5.0], [14.0, 5.0, 5.0], [20.0, 200.0, 9999.0]]
733
[[2.0, 2.0, 4.0], [14.0, 5.0, 5.0], [16.0, 0.0, 9999.0]]
734
[[2.0, 2.0, 4.0], [14.0, 5.0, 5.0], [16.0, 0.0, 9999.0]]
735
[[8.0, 3.0, 5.0], [14.0, 5.0, 5.0], [20.0, 200.0, 9999.0]]
736
[[8.0, 3.0, 5.0], [14.0, 5.0, 5.0], [20.0, 200.0, 9999.0]]
737
[[8.0, 3.0, 5.0], [14.0, 5.0, 5.0], [20.0, 200.0, 9999.0]]
738
[[8.0, 3.0, 5.0], [14.0, 5.0, 5.0], [20.0, 200.0, 9999.0]]
739
[[8.0, 3.0, 5.0], [14.0, 5.0, 5.0], [20.0, 200.0, 9999.0]]
740
[[8.0, 3.0, 5.0], [14.0, 5.0, 5.0], [20.0, 200.0, 9999.0]]
741
[[8.0, 3.0, 5.0], [14.0, 5.0, 5.0], [20.0, 200.0, 9999.0]]
742
[[8.0, 3.0, 5.0], [14.0, 5.0, 5.0], [20.0, 200.0, 9999.0]]
743
[[8.0, 3.0, 5.0], [14.0, 5.0, 5.0], [20.0, 200.0, 9999.0]]
744
[[8.0, 3.0, 5.0], [14.0, 5.0, 5.0], [20.0, 200.0, 9999.0]]
745
[[8.0, 3.0, 5.0], [14.0, 5.0, 5.0], [20.0, 200.0, 9999.0]]
746
[[8.0, 3.0, 5.0], [14.0, 5.0, 5.0], [20.0, 200.0, 9999.0]]
747
[[8.0, 3.0, 5.0], [14.0, 5.0, 5.0], [20.0, 200.0, 9999.0]]
748
[[8.0, 3.0, 5.0], [14.0, 5.0, 5.0], [20.0, 200.0, 9999.0]]
749
[[8.0, 3.0, 5.0], [14.0, 5.0, 5.0], [20.0, 200.0, 9999.0]]
750
[[8.0, 3.0, 5.0], [14.0, 5.0, 5.0], [20.0, 200.0, 9999.0]]
751
[[8.0, 3.0, 5.0], [14.0, 5.0, 5.0], [20.0, 200.0, 9999.0]]
752
[[8.0, 3.0, 5.0], [14.0, 5.0, 5.0], [20.0, 200.0, 9999.0]]
754
[[8.0, 3.0, 5.0], [14.0, 5.0, 5.0], [20.0, 200.0, 9999.0]]
947
[[0.0, 1.0, 2.0], [14.0, 5.0, 5.0], [19.0, 150.0, 200.0]]



64
[]
65
[[0.0, 1.0, 2.0], [13.0, 4.0, 9999.0], [15.0, 50.0, 100.0]]
66
[]
67
[]
68
[[0.0, 1.0, 2.0], [13.0, 4.0, 9999.0], [15.0, 50.0, 100.0]]
69
[[0.0, 1.0, 2.0], [13.0, 4.0, 9999.0], [15.0, 50.0, 100.0]]
70
[[1.0, 1.0, 1.0], [13.0, 4.0, 9999.0], [15.0, 50.0, 100.0]]
71
[[1.0, 1.0, 1.0], [13.0, 4.0, 9999.0], [15.0, 50.0, 100.0]]
72
[[1.0, 1.0, 1.0], [13.0, 4.0, 9999.0], [15.0, 50.0, 100.0]]
73
[[2.0, 2.0, 4.0], [14.0, 5.0, 5.0], [16.0, 0.0, 9999.0]]
74
[[2.0, 2.0, 4.0], [14.0, 5.0, 5.0], [16.0, 0.0, 9999.0]]
75
[[2.0, 2.0, 4.0], [14.0, 5.0, 5.0], [16.0, 0.0, 9999.0]]
