0 0 0 0 0 6 0 5 0 9999 
0 9999 0 9999 1.0 2.0 4.0 9999.0 50.0 100.0 
0 9999 0 9999 1.0 1.0 4.0 9999.0 50.0 100.0 
0 9999 0 9999 2.0 4.0 5.0 5.0 0.0 9999.0 
0 9999 0 9999 0 6 0 5 0 9999 
0 0 0 0 1.0 2.0 4.0 9999.0 0.0 20.0 
0 0 0 0 1.0 2.0 4.0 9999.0 150.0 200.0 
0 0 0 0 1.0 1.0 4.0 9999.0 20.0 50.0 
0 0 0 0 2.0 3.0 4.0 9999.0 150.0 200.0 
0 0 0 0 3.0 4.0 4.0 9999.0 150.0 200.0 
0 0 0 0 2.0 3.0 5.0 5.0 20.0 50.0 
0 0 0 0 3.0 4.0 4.0 9999.0 20.0 50.0 
0 0 0 0 1.0 1.0 4.0 9999.0 150.0 200.0 
0 0 0 0 1.0 2.0 4.0 9999.0 200.0 9999.0 
0 0 0 0 1.0 2.0 4.0 9999.0 100.0 150.0 
0 0 0 0 2.0 4.0 4.0 9999.0 100.0 150.0 
0 0 0 0 1.0 2.0 5.0 5.0 150.0 200.0 
0 0 0 0 2.0 4.0 4.0 9999.0 150.0 200.0 
0 0 0 0 2.0 3.0 4.0 9999.0 50.0 100.0 
0 0 0 0 1.0 2.0 4.0 9999.0 50.0 100.0 
0 0 0 0 1.0 2.0 5.0 5.0 100.0 150.0 
0 0 0 0 1.0 1.0 4.0 9999.0 50.0 100.0 
0 0 0 0 1.0 1.0 4.0 9999.0 100.0 150.0 
0 0 0 0 0.0 1.0 4.0 9999.0 100.0 150.0 
0 0 0 0 2.0 3.0 4.0 9999.0 20.0 50.0 
0 0 0 0 2.0 2.0 4.0 9999.0 100.0 150.0 
0 0 0 0 2.0 3.0 5.0 5.0 100.0 150.0 
0 0 0 0 2.0 2.0 4.0 9999.0 200.0 9999.0 
0 0 0 0 1.0 3.0 4.0 9999.0 0.0 9999.0 
0 0 0 0 2.0 4.0 4.0 9999.0 20.0 50.0 
0 0 0 0 2.0 4.0 4.0 9999.0 0.0 20.0 
0 0 0 0 2.0 4.0 5.0 5.0 0.0 9999.0 
0 0 0 0 3.0 4.0 4.0 9999.0 100.0 150.0 
0 0 0 0 0.5 0.5 4.0 9999.0 50.0 100.0 
0 0 0 0 3.0 5.0 5.0 5.0 200.0 9999.0 
0 0 0 0 3.0 6.0 4.0 9999.0 200.0 9999.0 
0 0 0 0 1.0 1.0 4.0 9999.0 0.0 20.0 
0 0 0 0 2.0 6.0 4.0 9999.0 50.0 100.0 
0 0 0 0 3.0 3.0 4.0 9999.0 50.0 100.0 
0 0 0 0 1.0 2.0 4.0 9999.0 20.0 50.0 
0 0 0 0 3.0 5.0 4.0 9999.0 150.0 200.0 
0 0 0 0 2.0 2.0 4.0 9999.0 0 9999 
0 0 0 0 0 6 4.0 9999.0 0 9999 
0 0 0 0 0 6 4.0 9999.0 150.0 200.0 
