   NO.      Round     Ori_Content   Lack_Content   Extra_Content   Final_Cover  
    1         17           5              1              0             0.8             3       
    2         20           7              1              0       0.8571428571428571       4       
    3         18           5              1              0             0.8             5       
    4         18           5              0              0             1.0             4       
    5         17           4              1              0            0.75             3       
    6         19           7              1              0       0.8571428571428571       4       
    7         20           7              1              0       0.8571428571428571       4       
    8         18           5              1              0             0.8             6       
    9         18           5              1              0             0.8             5       
