序号	ID	['出租', '景点', '酒店', '餐馆', '地铁']
1	51	[0, 1, 0, 0, 0]
2	52	[0, 0, 0, 0, 0]
3	53	[0, 1, 0, 1, 0]
4	54	[0, 1, 1, 1, 0]
5	55	[0, 1, 1, 0, 0]
6	56	[0, 0, 1, 0, 0]
7	57	[0, 0, 1, 1, 0]
8	58	[0, 0, 0, 1, 0]
9	59	[0, 0, 1, 0, 0]
10	60	[0, 0, 1, 1, 0]
11	61	[0, 1, 1, 0, 0]
12	62	[0, 0, 1, 0, 0]
13	63	[0, 0, 1, 1, 0]
14	64	[0, 0, 1, 0, 0]
15	65	[0, 0, 1, 1, 0]
16	66	[0, 0, 1, 0, 0]
17	67	[0, 0, 1, 1, 0]
18	68	[0, 0, 1, 0, 0]
19	69	[0, 0, 1, 0, 0]
20	70	[0, 0, 1, 1, 0]
21	71	[0, 0, 1, 0, 0]
22	72	[0, 0, 1, 0, 0]
23	73	[0, 0, 1, 1, 0]
24	74	[0, 0, 1, 1, 0]
25	76	[0, 0, 0, 1, 0]
26	78	[0, 0, 0, 1, 0]
27	80	[0, 0, 0, 1, 0]
28	81	[0, 0, 0, 1, 0]
29	83	[0, 1, 0, 0, 0]
30	84	[0, 1, 0, 0, 0]
31	85	[0, 1, 0, 0, 0]
32	86	[0, 1, 0, 0, 0]
33	87	[0, 1, 0, 0, 0]
34	88	[0, 1, 0, 0, 0]
35	89	[0, 1, 0, 0, 0]
36	90	[0, 1, 0, 0, 0]
37	91	[0, 1, 0, 0, 0]
38	92	[0, 1, 0, 0, 0]
39	93	[0, 1, 0, 0, 0]
40	94	[0, 1, 0, 0, 0]
41	95	[0, 1, 0, 0, 0]
42	96	[0, 1, 0, 0, 0]
43	97	[0, 1, 0, 0, 0]
44	98	[0, 1, 0, 0, 0]
45	99	[0, 1, 0, 0, 0]
46	100	[0, 1, 0, 0, 0]
47	101	[0, 1, 0, 0, 0]
48	102	[0, 1, 0, 0, 0]
49	103	[0, 1, 0, 0, 0]
50	104	[0, 1, 0, 0, 0]
51	105	[0, 1, 1, 0, 0]
52	106	[0, 1, 1, 0, 0]
53	107	[0, 1, 1, 0, 0]
54	108	[0, 1, 1, 0, 0]
55	109	[0, 1, 1, 0, 0]
56	110	[0, 1, 1, 0, 0]
57	111	[0, 1, 1, 0, 0]
58	112	[0, 1, 1, 0, 0]
59	113	[0, 1, 1, 0, 0]
60	114	[0, 1, 1, 0, 0]
61	115	[0, 1, 1, 0, 0]
62	116	[0, 1, 1, 0, 0]
63	117	[0, 1, 1, 0, 0]
64	118	[0, 1, 1, 0, 0]
65	119	[0, 1, 1, 0, 0]
66	120	[0, 1, 1, 0, 0]
67	121	[0, 1, 1, 0, 0]
68	122	[0, 1, 1, 0, 0]
69	123	[0, 1, 1, 0, 0]
70	124	[0, 1, 1, 0, 0]
71	125	[0, 1, 1, 0, 0]
72	126	[0, 1, 1, 0, 0]
73	127	[0, 1, 1, 0, 0]
74	128	[0, 1, 1, 0, 0]
75	129	[0, 1, 1, 0, 0]
76	130	[0, 1, 1, 0, 0]
77	131	[0, 1, 1, 0, 0]
78	132	[0, 1, 1, 0, 0]
79	133	[0, 1, 1, 0, 0]
80	134	[0, 1, 1, 0, 0]
81	135	[0, 1, 1, 0, 0]
82	136	[0, 1, 1, 0, 0]
83	137	[0, 1, 1, 0, 0]
84	138	[0, 1, 1, 0, 0]
85	139	[0, 1, 1, 0, 0]
86	140	[0, 1, 1, 0, 0]
87	141	[0, 1, 1, 0, 0]
88	142	[0, 1, 1, 0, 0]
89	143	[0, 1, 1, 0, 0]
90	144	[0, 1, 1, 0, 0]
91	145	[0, 1, 1, 0, 0]
92	146	[0, 1, 1, 0, 0]
93	147	[0, 1, 1, 0, 0]
94	148	[0, 1, 1, 0, 0]
95	149	[0, 1, 1, 0, 0]
96	150	[0, 1, 1, 0, 0]
97	151	[0, 1, 1, 0, 0]
98	152	[0, 1, 1, 0, 0]
99	153	[0, 1, 1, 0, 0]
100	154	[0, 1, 1, 0, 0]
101	155	[0, 1, 1, 0, 0]
102	156	[0, 1, 1, 0, 0]
103	157	[0, 1, 1, 0, 0]
104	158	[0, 1, 1, 0, 0]
105	159	[0, 1, 1, 0, 0]
106	160	[0, 1, 1, 0, 0]
107	161	[0, 1, 1, 0, 0]
108	162	[0, 1, 1, 0, 0]
109	163	[0, 1, 1, 0, 0]
110	164	[0, 1, 1, 0, 0]
111	165	[0, 1, 1, 0, 0]
112	166	[0, 1, 1, 0, 0]
113	167	[0, 1, 1, 0, 0]
114	168	[0, 1, 1, 0, 0]
115	169	[0, 1, 1, 0, 0]
116	170	[0, 1, 1, 0, 0]
117	171	[0, 1, 1, 0, 0]
118	172	[0, 1, 1, 0, 0]
119	173	[0, 1, 1, 0, 0]
120	174	[0, 1, 1, 0, 0]
121	175	[0, 1, 1, 0, 0]
122	176	[0, 1, 1, 0, 0]
123	177	[0, 1, 1, 0, 0]
124	178	[0, 1, 1, 0, 0]
125	179	[0, 1, 1, 0, 0]
126	180	[0, 1, 1, 0, 0]
127	181	[0, 1, 1, 0, 0]
128	182	[0, 1, 1, 0, 0]
129	183	[0, 1, 1, 0, 0]
130	184	[0, 1, 1, 0, 0]
131	185	[0, 1, 1, 0, 0]
132	186	[0, 1, 1, 0, 0]
133	187	[0, 1, 1, 0, 0]
134	188	[0, 1, 1, 0, 0]
135	189	[0, 1, 1, 0, 0]
136	190	[0, 1, 1, 0, 0]
137	191	[0, 1, 1, 0, 0]
138	192	[0, 1, 1, 0, 0]
139	193	[0, 1, 1, 0, 0]
140	194	[0, 1, 1, 0, 0]
141	195	[0, 1, 1, 0, 0]
142	196	[0, 1, 1, 0, 0]
143	197	[0, 1, 1, 0, 0]
144	198	[0, 1, 1, 0, 0]
145	199	[0, 1, 1, 0, 0]
146	200	[0, 1, 1, 0, 0]
147	201	[0, 1, 1, 0, 0]
148	202	[0, 1, 1, 0, 0]
149	203	[0, 1, 1, 0, 0]
150	204	[0, 1, 1, 0, 0]
151	205	[0, 1, 1, 0, 0]
152	206	[0, 1, 1, 0, 0]
153	207	[0, 1, 1, 0, 0]
154	208	[0, 1, 1, 0, 0]
155	209	[0, 1, 1, 0, 0]
156	210	[0, 1, 1, 0, 0]
157	211	[0, 1, 1, 0, 0]
158	212	[0, 1, 1, 0, 0]
159	213	[0, 1, 1, 0, 0]
160	214	[0, 1, 1, 0, 0]
161	215	[0, 1, 1, 0, 0]
162	216	[0, 1, 1, 0, 0]
163	217	[0, 1, 1, 0, 0]
164	218	[0, 1, 1, 0, 0]
165	219	[0, 1, 1, 0, 0]
166	220	[0, 1, 1, 0, 0]
167	221	[0, 1, 1, 0, 0]
168	222	[0, 1, 1, 0, 0]
169	223	[0, 1, 1, 0, 0]
170	224	[0, 1, 1, 0, 0]
171	225	[0, 1, 1, 0, 0]
172	226	[0, 1, 1, 0, 0]
173	227	[0, 1, 1, 0, 0]
174	228	[0, 1, 1, 0, 0]
175	229	[0, 1, 1, 0, 0]
176	230	[0, 1, 1, 0, 0]
177	231	[0, 1, 1, 0, 0]
178	232	[0, 1, 1, 0, 0]
179	233	[0, 1, 1, 0, 0]
180	234	[0, 1, 1, 0, 0]
181	235	[0, 1, 1, 0, 0]
182	236	[0, 1, 1, 0, 0]
183	237	[0, 1, 1, 0, 0]
184	238	[0, 1, 1, 0, 0]
185	239	[0, 1, 1, 0, 0]
186	240	[0, 1, 1, 0, 0]
187	241	[0, 1, 1, 0, 0]
188	242	[0, 1, 1, 0, 0]
189	243	[0, 1, 1, 0, 0]
190	244	[0, 1, 1, 0, 0]
191	245	[0, 1, 1, 0, 0]
192	246	[0, 1, 1, 0, 0]
193	247	[0, 1, 1, 0, 0]
194	248	[0, 1, 1, 0, 0]
195	249	[0, 1, 1, 0, 0]
196	250	[0, 1, 1, 0, 0]
197	251	[0, 1, 1, 0, 0]
198	252	[0, 1, 1, 0, 0]
199	253	[0, 1, 1, 0, 0]
200	254	[0, 1, 1, 0, 0]
201	255	[0, 1, 1, 0, 0]
202	256	[0, 1, 1, 0, 0]
203	257	[0, 1, 1, 0, 0]
204	258	[0, 1, 1, 0, 0]
205	259	[0, 1, 1, 0, 0]
206	260	[0, 1, 1, 0, 0]
207	261	[0, 1, 1, 0, 0]
208	262	[0, 1, 1, 0, 0]
209	263	[0, 1, 1, 0, 0]
210	264	[0, 1, 1, 0, 0]
211	265	[0, 1, 1, 0, 0]
212	266	[0, 1, 1, 0, 0]
213	267	[0, 1, 1, 0, 0]
214	268	[0, 1, 1, 0, 0]
215	269	[0, 1, 1, 0, 0]
216	270	[0, 1, 1, 0, 0]
217	271	[0, 1, 1, 0, 0]
218	272	[0, 1, 1, 0, 0]
219	273	[0, 1, 1, 0, 0]
220	274	[0, 1, 1, 0, 0]
221	275	[0, 1, 1, 0, 0]
222	276	[0, 1, 1, 0, 0]
223	277	[0, 1, 1, 0, 0]
224	278	[0, 1, 1, 0, 0]
225	279	[0, 1, 1, 0, 0]
226	280	[0, 1, 1, 0, 0]
227	281	[0, 1, 1, 0, 0]
228	282	[0, 1, 1, 0, 0]
229	283	[0, 1, 1, 0, 0]
230	284	[0, 1, 1, 0, 0]
231	285	[0, 1, 1, 0, 0]
232	286	[0, 1, 1, 0, 0]
233	287	[0, 1, 1, 0, 0]
234	288	[0, 1, 1, 0, 0]
235	289	[0, 1, 1, 0, 0]
236	290	[0, 1, 1, 0, 0]
237	291	[0, 1, 1, 0, 0]
238	292	[0, 1, 1, 0, 0]
239	293	[0, 1, 1, 0, 0]
240	294	[0, 1, 1, 0, 0]
241	295	[0, 1, 1, 0, 0]
242	296	[0, 1, 1, 0, 0]
243	297	[0, 1, 1, 0, 0]
244	298	[0, 1, 1, 0, 0]
245	299	[0, 1, 1, 0, 0]
246	300	[0, 1, 1, 0, 0]
247	301	[0, 1, 1, 0, 0]
248	302	[0, 1, 1, 0, 0]
249	303	[0, 1, 1, 0, 0]
250	304	[0, 0, 1, 0, 0]
251	305	[0, 1, 1, 1, 0]
252	306	[0, 1, 1, 0, 0]
253	307	[0, 1, 1, 1, 0]
254	308	[0, 1, 1, 0, 0]
255	309	[0, 0, 1, 0, 0]
256	310	[0, 1, 1, 1, 0]
257	311	[0, 0, 1, 0, 0]
258	312	[0, 0, 1, 1, 0]
259	313	[0, 0, 1, 0, 0]
260	314	[0, 0, 1, 1, 0]
261	315	[0, 1, 1, 0, 0]
262	316	[0, 1, 1, 1, 0]
263	317	[0, 0, 1, 0, 0]
264	318	[0, 1, 1, 0, 0]
265	319	[0, 0, 1, 0, 0]
266	320	[0, 1, 1, 1, 0]
267	321	[0, 1, 1, 0, 0]
268	322	[0, 1, 1, 1, 0]
269	323	[0, 1, 1, 0, 0]
270	324	[0, 1, 1, 1, 0]
271	325	[0, 0, 1, 1, 0]
272	326	[0, 1, 1, 0, 0]
273	327	[0, 1, 1, 1, 0]
274	328	[0, 1, 1, 0, 0]
275	329	[0, 1, 1, 1, 0]
276	330	[0, 0, 1, 0, 0]
277	331	[0, 0, 1, 1, 0]
278	332	[0, 1, 1, 0, 0]
279	333	[0, 1, 1, 1, 0]
280	334	[0, 1, 1, 0, 0]
281	335	[0, 1, 1, 1, 0]
282	336	[0, 1, 1, 0, 0]
283	337	[0, 1, 1, 1, 0]
284	338	[0, 1, 1, 0, 0]
285	339	[0, 1, 1, 1, 0]
286	340	[0, 1, 1, 0, 0]
287	341	[0, 1, 1, 0, 0]
288	342	[0, 1, 1, 1, 0]
289	343	[0, 1, 1, 0, 0]
290	344	[0, 1, 1, 0, 0]
291	345	[0, 1, 1, 1, 0]
292	346	[0, 1, 1, 1, 0]
293	347	[0, 1, 1, 1, 0]
294	348	[0, 1, 1, 1, 0]
295	349	[0, 1, 1, 1, 0]
296	350	[0, 1, 1, 1, 0]
297	351	[0, 1, 1, 1, 0]
298	352	[0, 1, 1, 1, 0]
299	353	[0, 1, 1, 1, 0]
300	354	[0, 1, 1, 1, 0]
301	355	[0, 1, 1, 1, 0]
302	356	[0, 1, 1, 1, 0]
303	357	[0, 1, 1, 1, 0]
304	358	[0, 1, 1, 1, 0]
305	359	[0, 1, 1, 1, 0]
306	360	[0, 1, 1, 1, 0]
307	361	[0, 1, 1, 1, 0]
308	362	[0, 1, 1, 1, 0]
309	363	[0, 1, 1, 1, 0]
310	364	[0, 1, 1, 1, 0]
311	365	[0, 1, 1, 1, 0]
312	366	[0, 1, 1, 1, 0]
313	367	[0, 1, 1, 1, 0]
314	368	[0, 1, 1, 1, 0]
315	369	[0, 1, 1, 1, 0]
316	370	[0, 1, 1, 1, 0]
317	371	[0, 1, 1, 1, 0]
318	372	[0, 1, 1, 1, 0]
319	373	[0, 1, 1, 1, 0]
320	374	[0, 1, 1, 1, 0]
321	375	[0, 1, 1, 1, 0]
322	376	[0, 1, 1, 1, 0]
323	377	[0, 1, 1, 1, 0]
324	378	[0, 1, 1, 1, 0]
325	379	[0, 1, 1, 1, 0]
326	380	[0, 1, 1, 1, 0]
327	381	[0, 1, 1, 1, 0]
328	382	[0, 1, 1, 1, 0]
329	383	[0, 1, 1, 1, 0]
330	384	[0, 1, 1, 1, 0]
331	385	[0, 1, 1, 1, 0]
332	386	[0, 1, 1, 1, 0]
333	387	[0, 1, 1, 1, 0]
334	388	[0, 1, 1, 1, 0]
335	389	[0, 1, 1, 1, 0]
336	390	[0, 1, 1, 1, 0]
337	391	[0, 1, 1, 1, 0]
338	392	[0, 1, 1, 1, 0]
339	393	[0, 1, 1, 1, 0]
340	394	[0, 1, 1, 1, 0]
341	395	[0, 1, 1, 1, 0]
342	396	[0, 1, 1, 1, 0]
343	397	[0, 1, 1, 1, 0]
344	398	[0, 1, 1, 1, 0]
345	399	[0, 1, 1, 1, 0]
346	400	[0, 1, 1, 1, 0]
347	401	[0, 1, 1, 1, 0]
348	402	[0, 1, 1, 1, 0]
349	403	[0, 1, 1, 1, 0]
350	404	[0, 1, 1, 1, 0]
351	405	[0, 1, 1, 1, 0]
352	406	[0, 1, 1, 1, 0]
353	407	[0, 1, 1, 1, 0]
354	408	[0, 1, 1, 1, 0]
355	409	[0, 1, 1, 1, 0]
356	410	[0, 1, 1, 1, 0]
357	411	[0, 1, 1, 1, 0]
358	412	[0, 1, 1, 1, 0]
359	413	[0, 1, 1, 1, 0]
360	414	[0, 1, 1, 1, 0]
361	415	[0, 1, 1, 1, 0]
362	416	[0, 1, 1, 1, 0]
363	417	[0, 1, 1, 1, 0]
364	418	[0, 1, 1, 1, 0]
365	419	[0, 1, 1, 1, 0]
366	420	[0, 1, 1, 1, 0]
367	421	[0, 1, 1, 1, 0]
368	422	[0, 1, 1, 1, 0]
369	423	[0, 1, 1, 1, 0]
370	424	[0, 1, 1, 1, 0]
371	425	[0, 1, 1, 1, 0]
372	426	[0, 1, 1, 1, 0]
373	427	[0, 1, 1, 1, 0]
374	428	[0, 1, 1, 1, 0]
375	429	[0, 1, 1, 1, 0]
376	430	[0, 1, 1, 1, 0]
377	431	[0, 1, 1, 1, 0]
378	432	[0, 1, 1, 1, 0]
379	433	[0, 1, 1, 1, 0]
380	434	[0, 1, 1, 1, 0]
381	435	[0, 1, 1, 1, 0]
382	436	[0, 1, 1, 1, 0]
383	437	[0, 1, 1, 1, 0]
384	438	[0, 1, 1, 1, 0]
385	439	[0, 1, 1, 1, 0]
386	440	[0, 1, 1, 1, 0]
387	441	[0, 1, 1, 1, 0]
388	442	[0, 1, 1, 1, 0]
389	443	[0, 1, 1, 1, 0]
390	444	[0, 1, 1, 1, 0]
391	445	[0, 1, 1, 1, 0]
392	446	[0, 1, 1, 1, 0]
393	447	[0, 1, 1, 1, 0]
394	448	[0, 1, 1, 1, 0]
395	449	[0, 1, 1, 1, 0]
396	450	[0, 1, 1, 1, 0]
397	451	[0, 1, 1, 1, 0]
398	452	[0, 1, 1, 1, 0]
399	453	[0, 1, 1, 1, 0]
400	454	[0, 1, 1, 1, 0]
401	455	[0, 1, 1, 1, 0]
402	456	[0, 1, 1, 1, 0]
403	457	[0, 1, 1, 1, 0]
404	458	[0, 1, 1, 1, 0]
405	459	[0, 1, 1, 1, 0]
406	460	[0, 1, 1, 1, 0]
407	461	[0, 1, 1, 1, 0]
408	462	[0, 1, 1, 1, 0]
409	463	[0, 1, 1, 1, 0]
410	464	[0, 1, 1, 1, 0]
411	465	[0, 1, 1, 1, 0]
412	466	[0, 1, 1, 1, 0]
413	467	[0, 1, 1, 1, 0]
414	468	[0, 1, 1, 1, 0]
415	469	[0, 1, 1, 1, 0]
416	470	[0, 1, 1, 1, 0]
417	471	[0, 1, 1, 1, 0]
418	472	[0, 1, 1, 1, 0]
419	473	[0, 1, 1, 1, 0]
420	474	[0, 1, 1, 1, 0]
421	475	[0, 1, 1, 1, 0]
422	476	[0, 1, 1, 1, 0]
423	477	[0, 1, 1, 1, 0]
424	478	[0, 1, 1, 1, 0]
425	479	[0, 1, 1, 1, 0]
426	480	[0, 1, 1, 1, 0]
427	481	[0, 1, 1, 1, 0]
428	482	[0, 1, 1, 1, 0]
429	483	[0, 1, 1, 1, 0]
430	484	[0, 1, 1, 1, 0]
431	485	[0, 1, 1, 1, 0]
432	486	[0, 1, 1, 1, 0]
433	487	[0, 1, 1, 1, 0]
434	488	[0, 1, 1, 1, 0]
435	489	[0, 1, 1, 1, 0]
436	490	[0, 1, 1, 1, 0]
437	491	[0, 1, 1, 1, 0]
438	492	[0, 1, 1, 1, 0]
439	493	[0, 1, 1, 1, 0]
440	494	[0, 1, 1, 1, 0]
441	495	[0, 1, 1, 1, 0]
442	496	[0, 1, 1, 1, 0]
443	497	[0, 1, 1, 1, 0]
444	498	[0, 1, 1, 1, 0]
445	499	[0, 1, 1, 1, 0]
446	500	[0, 1, 1, 1, 0]
447	501	[0, 1, 1, 1, 0]
448	502	[0, 1, 1, 1, 0]
449	503	[0, 1, 1, 1, 0]
450	504	[0, 1, 1, 1, 0]
451	505	[0, 1, 1, 1, 0]
452	506	[0, 1, 1, 1, 0]
453	507	[0, 1, 1, 1, 0]
454	508	[0, 1, 1, 1, 0]
455	509	[0, 1, 1, 1, 0]
456	510	[0, 1, 1, 1, 0]
457	511	[0, 1, 1, 1, 0]
458	512	[0, 1, 1, 1, 0]
459	513	[0, 1, 1, 1, 0]
460	514	[0, 1, 1, 1, 0]
461	515	[0, 1, 1, 1, 0]
462	516	[0, 1, 1, 1, 0]
463	517	[0, 1, 1, 1, 0]
464	518	[0, 1, 1, 1, 0]
465	519	[0, 1, 1, 1, 0]
466	520	[0, 1, 1, 1, 0]
467	521	[0, 1, 1, 1, 0]
468	522	[0, 1, 1, 1, 0]
469	523	[0, 1, 1, 1, 0]
470	524	[0, 1, 1, 1, 0]
471	525	[0, 1, 1, 1, 0]
472	526	[0, 1, 1, 1, 0]
473	527	[0, 1, 1, 1, 0]
474	528	[0, 1, 1, 1, 0]
475	529	[0, 1, 1, 1, 0]
476	530	[0, 1, 1, 1, 0]
477	531	[0, 1, 1, 1, 0]
478	532	[0, 1, 1, 1, 0]
479	533	[0, 1, 0, 1, 0]
480	534	[0, 1, 0, 1, 0]
481	535	[0, 1, 0, 1, 0]
482	536	[0, 1, 0, 1, 0]
483	537	[0, 1, 0, 1, 0]
484	538	[0, 1, 0, 1, 0]
485	539	[0, 1, 0, 1, 0]
486	540	[0, 1, 0, 1, 0]
487	541	[0, 1, 0, 1, 0]
488	542	[0, 1, 0, 1, 0]
489	543	[0, 1, 0, 1, 0]
490	544	[0, 1, 0, 1, 0]
491	545	[0, 1, 0, 1, 0]
492	546	[0, 1, 0, 1, 0]
493	547	[0, 1, 0, 1, 0]
494	548	[0, 1, 0, 1, 0]
495	549	[0, 1, 0, 1, 0]
496	550	[0, 1, 0, 1, 0]
497	551	[0, 1, 0, 1, 0]
498	552	[0, 1, 0, 1, 0]
499	553	[0, 1, 0, 1, 0]
500	554	[0, 0, 1, 0, 0]
501	555	[0, 0, 1, 0, 0]
502	556	[0, 0, 1, 0, 0]
503	557	[0, 0, 1, 0, 0]
504	558	[0, 0, 1, 0, 0]
505	559	[0, 0, 1, 0, 0]
506	560	[0, 0, 1, 0, 0]
507	561	[0, 0, 1, 0, 0]
508	562	[0, 0, 1, 0, 0]
509	563	[0, 0, 1, 0, 0]
510	564	[0, 0, 1, 0, 0]
511	565	[0, 0, 1, 0, 0]
512	566	[0, 0, 1, 1, 0]
513	567	[0, 0, 1, 0, 0]
514	568	[0, 0, 1, 1, 0]
515	569	[0, 0, 1, 1, 0]
516	570	[0, 0, 1, 0, 0]
517	571	[0, 0, 1, 1, 0]
518	572	[0, 0, 1, 0, 0]
519	573	[0, 0, 1, 1, 0]
520	574	[0, 0, 1, 0, 0]
521	575	[0, 0, 1, 1, 0]
522	576	[0, 0, 1, 0, 0]
523	577	[0, 0, 1, 1, 0]
524	578	[0, 0, 1, 1, 0]
525	579	[0, 0, 1, 0, 0]
526	580	[0, 0, 1, 1, 0]
527	581	[0, 0, 1, 0, 0]
528	582	[0, 0, 1, 1, 0]
529	583	[0, 0, 1, 0, 0]
530	584	[0, 0, 1, 1, 0]
531	585	[0, 0, 1, 0, 0]
532	586	[0, 0, 1, 0, 0]
533	587	[0, 0, 1, 1, 0]
534	588	[0, 0, 1, 0, 0]
535	589	[0, 0, 1, 0, 0]
536	590	[0, 0, 1, 0, 0]
537	591	[0, 0, 1, 0, 0]
538	592	[0, 0, 1, 1, 0]
539	593	[0, 0, 1, 1, 0]
540	594	[0, 0, 1, 1, 0]
541	595	[0, 0, 1, 1, 0]
542	596	[0, 0, 1, 1, 0]
543	597	[0, 0, 1, 1, 0]
544	598	[0, 0, 1, 1, 0]
545	599	[0, 0, 1, 1, 0]
546	600	[0, 0, 1, 1, 0]
547	601	[0, 0, 1, 1, 0]
548	602	[0, 0, 1, 1, 0]
549	603	[0, 0, 1, 1, 0]
